-0.02480228072599634;0;
-0.19459589909719327;1;
-9.76191757999669;2;
-9.778317545417657;3;
-9.782223565219066;4;
-9.800190658462421;5;
-9.782019807738228;6;
-9.799614785283586;7;
-9.799614785283586;8;
-0.02480228072599634;9;
0.22832638410456585;10;
-9.762693277404843;11;
-9.781063952358355;12;
-9.80039441594326;13;
-9.800786197898855;14;
-9.779720248274407;15;
-9.799438560563386;16;
-9.760393717941023;17;
-9.761949046008851;18;
-9.762121337477527;19;
-9.780108096978484;20;
-9.762513119433125;21;
-9.763488641070598;22;
-9.725595544805907;23;
-9.722888470380408;24;
-9.781067885609877;25;
-0.02480228072599634;26;
-0.02480228072599634;27;
-9.78067610365428;28;
-9.800782264647335;29;
-9.763680598796876;30;
-9.762712943662445;31;
-9.800778331395817;32;
-9.762701143907885;33;
-9.763864690020116;34;
-9.782011941235186;35;
-9.762309361952287;36;
-9.742598916166347;37;
-9.782035540744308;38;
-9.761741355276492;39;
-9.743974086262456;40;
-9.78185144952107;41;
-9.780883794386638;42;
-9.779916139252206;43;
-9.780680036905798;44;
-9.7832108866111;45;
-9.802145634988884;46;
-9.762336894712927;47;
-9.800214257971541;48;
-9.820880559137352;49;
-9.781659491794791;50;
-0.02480228072599634;51;
0.2774675620318415;52;
-9.742622515675468;53;
-9.744542092938252;54;
-9.78300319587874;55;
-9.782051273750387;56;
-9.802333659463642;57;
-9.80039834919478;58;
-9.742626448926988;59;
-0.02480228072599634;60;
-0.022306830284376872;61;
-9.76213707048361;62;
-9.782227498470586;63;
-9.780492012431042;64;
-9.799442493814906;65;
-9.780276455195642;66;
-9.798455172422875;67;
-9.799434627311868;68;
-0.02480228072599634;69;
-0.02480228072599634;70;
-9.723867925269401;71;
-9.782427322699906;72;
-9.800790131150377;73;
-9.761373172830016;74;
-9.782826971158542;75;
-9.781267709839193;76;
-9.800606039927137;77;
-9.762513119433125;78;
-9.763300616595838;79;
-9.781063952358355;80;
-9.761745288528012;81;
-9.8201048617292;82;
-9.761557264053254;83;
-9.77934026607337;84;
-9.78301106238178;85;
-0.026913815715058964;86;
-0.02480228072599634;87;
-9.80019459171394;88;
-9.80041014894934;89;
-9.80136207107769;90;
-9.781267709839193;91;
-9.820496643684796;92;
-9.725603411308946;93;
-9.78300319587874;94;
-0.02480228072599634;95;
0.08090285032273892;96;
-9.76310079236652;97;
-9.781483267074593;98;
-9.76311259212108;99;
-9.762920634394803;100;
-9.762900968137203;101;
-9.782243231476667;102;
-9.799622651786624;103;
-0.02480228072599634;104;
0.1791852061772902;105;
-9.819732746031203;106;
-9.74357837105534;107;
-9.764640387428267;108;
-9.781843583018029;109;
-9.744334402205894;110;
-9.80158549481613;111;
-9.742802673647185;112;
-0.02480228072599634;113;
-0.02480228072599634;114;
-9.8400229982475;115;
-9.741846818267314;116;
-9.765431817842503;117;
-9.743206255357343;118;
-9.800578507166497;119;
-9.782055207001909;120;
-9.805581207804297;121;
-0.02480228072599634;122;
-0.027861606988558663;123;
-9.764068447500952;124;
-9.761561197304774;125;
-9.801170113351413;126;
-9.819940436763563;127;
-9.799842142273542;128;
-9.763719931312076;129;
-9.742982831618905;130;
-0.022882703463212133;131;
-0.02480228072599634;132;
-9.72502753813011;133;
-9.799070378116909;134;
-9.782415522945344;135;
-9.76309292586348;136;
-9.80040621569782;137;
-9.74243449120071;138;
-9.782591747665544;139;
-9.798870553887593;140;
-9.820112728232239;141;
-9.781275576342235;142;
-9.741650927289516;143;
-9.724443798448236;144;
-9.800241790732182;145;
-9.765196594349504;146;
-9.780919193650318;147;
-0.027873604346451065;148;
-0.02480228072599634;149;
-9.779751714286569;150;
-9.802133835234326;151;
-9.780895594141198;152;
-9.799442493814906;153;
-9.823395675836574;154;
-9.777448221571227;155;
-9.800982088876655;156;
-0.023266618915768974;157;
-0.02480228072599634;158;
-9.843298079348793;159;
-9.778964217123853;160;
-9.800390482691737;161;
-9.760417317450143;162;
-9.798318280217876;163;
-9.761557264053254;164;
-9.839259100593905;165;
-0.02480228072599634;166;
-0.02480228072599634;167;
-9.796363303691413;168;
-9.801366004329212;169;
-9.760621074930981;170;
-9.686194319491626;171;
-9.76696747965273;172;
-9.780480212676482;173;
-9.763488641070598;174;
-0.023458576642047396;175;
-0.02480228072599634;176;
-9.82127627434447;177;
-9.800817663911017;178;
-9.762712943662445;179;
-9.782235364973626;180;
-9.817625144293661;181;
-9.819552588059484;182;
-9.83752361455436;183;
-0.006435539024005038;184;
-0.02480228072599634;185;
-9.819768145294884;186;
-9.802137768485844;187;
-9.743782128536177;188;
-9.819536855053403;189;
-9.783794626292975;190;
-9.801753853033288;191;
-9.764656120434347;192;
-0.02480228072599634;193;
0.2774675620318415;194;
-9.784538857688968;195;
-9.720972826369144;196;
-9.802525617189922;197;
-9.76195691251189;198;
-9.779156174850131;199;
-9.782435189202944;200;
-9.781859316024109;201;
-0.009890778097016606;202;
-0.02480228072599634;203;
-9.814342196689326;204;
-9.76328881684128;205;
-9.742238600222912;206;
-9.79791863175924;207;
-9.798870553887593;208;
-9.76059354217034;209;
-9.765416084836422;210;
-0.02480228072599634;211;
-0.02249878801065529;212;
-9.783955118007093;213;
-9.760777633393579;214;
-9.797542582809722;215;
-9.783982650767731;216;
-9.799434627311868;217;
-9.82377172478609;218;
-9.775916493012518;219;
-0.02480228072599634;220;
0.1791852061772902;221;
-9.799830342518984;222;
-9.796770818653089;223;
-9.764076314003994;224;
-9.76082483241182;225;
-9.78531455509712;226;
-9.814542020918646;227;
-9.802137768485844;228;
-0.02480228072599634;229;
-0.02480228072599634;230;
-9.778592101425856;231;
-9.821675922803108;232;
-9.819760278791843;233;
-0.02480228072599634;234;
-0.017379505531812358;235;
-9.758309715712599;236;
-9.724259707224997;237;
-9.782427322699906;238;
-9.820551709206077;239;
-0.02480228072599634;240;
-9.80138567058681;241;
-9.799462160072506;242;
-9.781263776587675;243;
-0.02480228072599634;244;
0.5723146295954953;245;
-9.763676665545356;246;
-9.743786061787699;247;
-9.76195691251189;248;
-9.784601789713289;249;
-0.02480228072599634;250;
-9.779959405018927;251;
-9.764080247255512;252;
-9.802345459218204;253;
-0.02480228072599634;254;
-0.022114872558098454;255;
-9.799438560563386;256;
-9.797327025574324;257;
-9.801554028803968;258;
-0.02480228072599634;259;
-0.017379505531812358;260;
-9.821295940602072;261;
-9.803289514843515;262;
-9.776668590911553;263;
-0.02480228072599634;264;
0.1791852061772902;265;
-9.775900760006438;266;
-9.80272150816772;267;
-9.643494413566932;268;
-0.02480228072599634;269;
-0.02480228072599634;270;
-9.787422156834664;271;
-9.757906134002443;272;
-9.74494174139689;273;
-0.02480228072599634;274;
0.1791852061772902;275;
-9.801166180099893;276;
-9.686550702183542;277;
-9.795826763027778;278;
-0.02480228072599634;279;
0.08090285032273892;280;
-9.781079685364437;281;
-9.835819594526974;282;
-9.80386932127387;283;
-0.02480228072599634;284;
0.32542482652906546;285;
-9.822780470142538;286;
-9.794051944473031;287;
-9.801749919781768;288;
-9.74748832410827;289;
-0.02480228072599634;290;
-9.814553820673206;291;
-9.743206255357343;292;
-9.737811772763948;293;
-0.02480228072599634;294;
0.5723146295954953;295;
-9.778972083626893;296;
-9.817629077545181;297;
-9.804268969732506;298;
-9.837155432107885;299;
-9.760977457622898;300;
-9.800026233496782;301;
-9.764828411903027;302;
-9.819544721556445;303;
-9.779935805509805;304;
-9.76310079236652;305;
-9.80022212447458;306;
-9.820312552461559;307;
-9.802521683938402;308;
-9.796194945474253;309;
-9.801577628313089;310;
-9.77820425272178;311;
-9.784354766465729;312;
-9.780507745437122;313;
-9.799450360317946;314;
-9.806956377900404;315;
-9.776848748883271;316;
-9.803301314598075;317;
-9.79542318131762;318;
-0.02480228072599634;319;
0.13004402825001457;320;
-9.727542654829332;321;
-9.819188338864528;322;
-9.749536927073011;323;
-0.02480228072599634;324;
-0.02480228072599634;325;
-9.835416012816818;326;
-9.785678804292079;327;
-9.798694329167393;328;
-0.02480228072599634;329;
0.6214558075227709;330;
-9.815717366785437;331;
-9.784938506147604;332;
-9.804253236726426;333;
-9.77570486902864;334;
-9.802905599390959;335;
-9.814745778399484;336;
-9.803309181101115;337;
-0.02480228072599634;338;
0.22832638410456585;339;
-9.77957548956637;340;
-9.767723510803282;341;
-9.797538649558202;342;
-0.02480228072599634;343;
-0.02480228072599634;344;
-9.650216867238196;345;
-9.760005869236945;346;
-9.703358182566184;347;
-0.02480228072599634;348;
0.5231854490261121;349;
-9.802133835234326;350;
-9.780503812185602;351;
-9.836763650152287;352;
-9.763300616595838;353;
-9.799654117798786;354;
-9.80136207107769;355;
-9.776856615386311;356;
-9.782999262627222;357;
-9.76196477901493;358;
-9.760425183953183;359;
-9.781643758788713;360;
-9.77820031947026;361;
-9.781263776587675;362;
-9.794623884400346;363;
-9.783771026783855;364;
-0.02480228072599634;365;
0.13004402825001457;366;
-9.83636400169365;367;
-9.801542229049408;368;
-9.835788128514814;369;
-0.02480228072599634;370;
0.1791852061772902;371;
-10.120663716620166;372;
-10.01027917518498;373;
-9.818565266667452;374;
-0.02480228072599634;375;
0.07079266696065704;376;
-9.361992237850874;377;
-9.238127389809478;378;
-9.595737513081362;379;
-9.693388180554267;380;
-9.85883754783175;381;
-9.764970197764924;382;
-10.027827914117475;383;
-0.02480228072599634;384;
0.07733911267469151;385;
-9.831486393506289;386;
-9.74964015201791;387;
-9.60521740184968;388;
-0.027681646620172643;389;
-0.02480228072599634;390;
-9.701234847822562;391;
-9.623333187052593;392;
-9.754775811609187;393;
-0.02480228072599634;394;
0.3745540070984487;395;
-9.820288952952438;396;
-9.83987823953946;397;
-9.78827651927322;398;
-0.02480228072599634;399;
0.4248910958136684;400;
-9.74493780814537;401;
-9.775892893503398;402;
-9.72289633688345;403;
-0.02480228072599634;404;
-0.018575416319756424;405;
-10.002314510371084;406;
-9.855039927069315;407;
-9.625864036757893;408;
-9.778568501916736;409;
-9.68197518276502;410;
-9.550732382437742;411;
-9.798631397143073;412;
-0.02480228072599634;413;
0.2762716512438974;414;
-9.73737672504163;415;
-9.505677851527947;416;
-9.69916657860022;417;
-9.658758365636306;418;
-9.889889232474195;419;
-9.890985913310585;420;
-9.791920743226369;421;
-0.02480228072599634;422;
0.3254128291711731;423;
-9.777193331820627;424;
-9.796935243618726;425;
-9.743715263260336;426;
-0.02480228072599634;427;
0.07970693953479485;428;
-9.761102550073335;429;
-9.657966935222074;430;
-9.552111485785371;431;
-0.02480228072599634;432;
0.670584988092154;433;
-9.79514075880638;434;
-9.736918077810191;435;
-9.866554417799883;436;
-0.02480228072599634;437;
-0.02480228072599634;438;
-9.711809216179338;439;
-9.756116542846998;440;
-10.226468033787107;441;
-0.02480228072599634;442;
0.665837337014055;443;
-10.598401986754576;444;
-10.667366433919314;445;
-10.710956101546245;446;
-10.469324826532262;447;
-10.679425143009379;448;
-11.589668046432063;449;
-13.551493480070647;450;
-0.02480228072599634;451;
0.4730643127529556;452;
-15.923645766321613;453;
-14.916384957759723;454;
-13.085684138095639;455;
0.13896273278169802;456;
-0.02480228072599634;457;
-6.393377009057926;458;
-7.387310136224685;459;
-6.750299962526359;460;
-3.799577186827885;461;
-2.1700386984374864;462;
-2.9784090136216954;463;
-4.016939378856042;464;
-6.2050372681583985;465;
-9.75473245421247;466;
-14.088127697179377;467;
-13.991460531393656;468;
-0.02480228072599634;469;
0.1847778287110823;470;
-11.155132691089236;471;
-7.894650227412724;472;
-6.57037609943915;473;
-5.352247521109381;474;
-6.258229754042322;475;
-8.379566792494197;476;
-12.850032315377161;477;
-0.02480228072599634;478;
0.6001213710660561;479;
-14.216379737810682;480;
-9.772815435383485;481;
-8.702659433138617;482;
-0.02480228072599634;483;
0.36563973452431087;484;
-10.881110127490878;485;
-11.031942214405177;486;
-12.919396918531064;487;
-0.02480228072599634;488;
-0.27050382300707426;489;
-20.576757550681858;490;
-20.263389318451527;491;
-18.6693059314606;492;
-17.334189013621508;493;
-14.463615856642711;494;
-12.755036063233083;495;
-11.495203236118046;496;
-0.02480228072599634;497;
0.5699707974511767;498;
-9.645458686246169;499;
-9.29245728040855;500;
-11.191800414596583;501;
-0.0830266718090948;502;
-0.02480228072599634;503;
-10.24123140533088;504;
-10.463421616473047;505;
-10.720981940677646;506;
-9.383549261124301;507;
-7.76787988844957;508;
-7.090255354251379;509;
-5.895217729001681;510;
-0.02480228072599634;511;
-0.07440700825577536;512;
-6.226675832131192;513;
-8.002678767556903;514;
-11.274455951039885;515;
-17.847431565187232;516;
-22.16883997154349;517;
-22.34179373794652;518;
-14.620566226549615;519;
-9.507108638509212;520;
-4.904880429760624;521;
-2.7881671071252203;522;
-8.616008566868679;523;
-0.02480228072599634;524;
0.05494073636684918;525;
-18.988736413897854;526;
-16.163166844366263;527;
-9.489397032865138;528;
-0.0263379425362237;529;
-0.02480228072599634;530;
-9.99204943923466;531;
-9.697732523277985;532;
-11.323246805514199;533;
-0.02480228072599634;534;
0.024223270977655545;535;
-18.812551436867953;536;
-20.75195541704358;537;
-20.697196310867792;538;
-18.2090408968816;539;
-15.100070670278509;540;
-12.739667343022397;541;
-12.329439215681868;542;
-0.02480228072599634;543;
0.3723061538172694;544;
-13.64412302149071;545;
-11.934584097501219;546;
-11.586693322096027;547;
-0.02576206935738844;548;
-0.02480228072599634;549;
-13.50525582842102;550;
-11.60827422531575;551;
-9.756478682424019;552;
-6.760377139104197;553;
-5.588032550479515;554;
-4.555866243783756;555;
-4.018984064938763;556;
-4.826153513936301;557;
-6.283135494327195;558;
-7.79569208006158;559;
-10.620092929386859;560;
-0.02480228072599634;561;
0.36759449481284756;562;
-17.49308835415975;563;
-19.8797461931911;564;
-17.85143441136641;565;
-11.507281094424705;566;
-0.02480228072599634;567;
-6.84473001657057;568;
-4.85333723902283;569;
-7.180530714050716;570;
-0.02480228072599634;571;
0.5999414106976703;572;
-12.636819891197982;573;
-18.11651064715492;574;
-8.395837149422178;575;
-8.888853766612312;576;
-11.404713253608714;577;
-10.979459559345122;578;
-11.859756097062991;579;
-0.02480228072599634;580;
-0.16642187358118868;581;
-17.16087056706534;582;
-22.92610753804063;583;
-23.715881531368275;584;
-20.371609158270456;585;
-15.193355332698834;586;
-11.53385976079198;587;
-10.434387840381385;588;
-0.02480228072599634;589;
-0.07300714238366046;590;
-10.373260461978315;591;
-10.742708751817965;592;
-11.56593482414167;593;
-10.515779254343169;594;
-8.872062466563426;595;
-8.702323466385831;596;
-9.45637646232373;597;
-0.02480228072599634;598;
-0.3702820235968796;599;
-8.537213038707279;600;
-6.477688006573965;601;
-5.578175841163476;602;
-4.705346760111067;603;
-4.887511410982645;604;
-6.23701574859317;605;
-8.350991361280121;606;
-0.02480228072599634;607;
0.3673905397286767;608;
-13.616095202929975;609;
-18.168289779640087;610;
-19.506187656824853;611;
-16.0357819865363;612;
-10.016317416841277;613;
-6.544931406518855;614;
-3.956058895096203;615;
-6.370139436661905;616;
-6.741547747205921;617;
-8.045718438022554;618;
-16.99758960756229;619;
-13.073803088922682;620;
-13.650897006962762;621;
-13.728242083197143;622;
-11.685686755164175;623;
-0.02480228072599634;624;
-0.0658316776559961;625;
-12.323953912605832;626;
-15.900398465502796;627;
-21.727693338748317;628;
-23.325210453004402;629;
-19.551045162601945;630;
-14.386872265537045;631;
-12.432224771147848;632;
-0.02480228072599634;633;
-0.027861606988558663;634;
-10.581685251594068;635;
-10.900357199278982;636;
-10.165918541003633;637;
-11.181994837550302;638;
-11.385674486771148;639;
-9.999361162379556;640;
-9.929499858607743;641;
-0.02480228072599634;642;
0.2194840956777824;643;
-11.821507087350733;644;
-9.161058223972526;645;
-7.442162771661571;646;
0.06600208146776376;647;
-0.02480228072599634;648;
-4.838410806413127;649;
-4.709474660454507;650;
-5.0186047477521605;651;
-0.02480228072599634;652;
0.37562994430746877;653;
-9.000913063310659;654;
-12.05637159089135;655;
-16.50663755343633;656;
-18.013685047778385;657;
-15.93675240452294;658;
-9.964414098967225;659;
-8.303827087587694;660;
-0.02480228072599634;661;
-0.06972038867514672;662;
-5.9554632724084025;663;
-5.444027313310612;664;
-10.09612466892919;665;
-18.643922233384366;666;
-14.875779504975958;667;
-13.667512529619126;668;
-11.144173991379379;669;
-0.02480228072599634;670;
-0.17131349295399653;671;
-11.407491898159774;672;
-12.954544379453262;673;
-17.127079381579858;674;
-22.42248470886721;675;
-22.22283652759589;676;
-20.699947120304365;677;
-16.156867336308906;678;
-0.02480228072599634;679;
0.5220615223855224;680;
-10.27606029479663;681;
-9.658367824523266;682;
-9.211364377661766;683;
-8.564257679851352;684;
-0.02480228072599634;685;
-10.235334729302151;686;
-10.27434244065725;687;
-10.029790735230307;688;
-0.02480228072599634;689;
0.17800129274723855;690;
-12.051130294383386;691;
-12.601589870280035;692;
-10.409843543335832;693;
-9.328367209334608;694;
-8.367764796788315;695;
-7.61046378326541;696;
-6.633000254464924;697;
-0.02480228072599634;698;
0.07188060152756948;699;
-7.9698621433035095;700;
-9.881039699614965;701;
-12.854150072709123;702;
-0.02480228072599634;703;
-0.02115508392670635;704;
-17.62143492829089;705;
-17.04087897862681;706;
-13.128145913431217;707;
-0.02480228072599634;708;
0.050293361154576874;709;
-4.767204693178159;710;
-2.028179851016472;711;
-2.8741025156023614;712;
-8.667366744264028;713;
-9.179203538007341;714;
-15.466944958192808;715;
-17.919138539384978;716;
-0.02480228072599634;717;
0.2658083880997109;718;
-10.708786058945408;719;
-9.694599039231413;720;
-11.120018406266105;721;
-14.345327025472335;722;
-17.421228899724753;723;
-23.034328451811607;724;
-21.49463711584587;725;
-0.02480228072599634;726;
0.6038050822930275;727;
-12.359145653043958;728;
-11.027483618580202;729;
-10.246929428259524;730;
-0.02480228072599634;731;
-0.0263379425362237;732;
-9.91565214115326;733;
-9.671539136262979;734;
-11.03398014491124;735;
-0.02480228072599634;736;
0.47050452816657384;737;
-11.499286910289387;738;
-11.765218453864177;739;
-12.782198232678406;740;
-0.02480228072599634;741;
-0.02481427808388874;742;
-9.184406268051134;743;
-6.9672912960685744;744;
-6.631467754308013;745;
-0.02480228072599634;746;
-0.01869538989868044;747;
-7.209124785366989;748;
-8.86667116754002;749;
-11.540790282809956;750;
-0.02480228072599634;751;
-0.02480228072599634;752;
-18.58417341382407;753;
-20.701271709494588;754;
-18.253329033395037;755;
-0.02480228072599634;756;
-0.10100949805852925;757;
-5.823187780851613;758;
-6.669078623727663;759;
-8.495319174454192;760;
-8.19192050641858;761;
-17.815653167502283;762;
-12.380926591216852;763;
-8.8347766397764;764;
-0.02480228072599634;765;
-0.07539896395954859;766;
-11.356744729139264;767;
-11.017086737702858;768;
-13.722407001173002;769;
-15.906478952317588;770;
-21.002816978716034;771;
-22.35561278848546;772;
-18.998788431400662;773;
-0.02480228072599634;774;
-0.02770564133595745;775;
-11.674879062208488;776;
-11.247968546935752;777;
-11.123559760972032;778;
-0.02480228072599634;779;
-0.02480228072599634;780;
-12.14924717323692;781;
-12.400855847521507;782;
-13.70158948252917;783;
-0.02480228072599634;784;
-0.027105773441337383;785;
-12.957617110806778;786;
-12.907955125221946;787;
-11.940137172914648;788;
-8.604936235134767;789;
-5.680754666302476;790;
-4.506888416870064;791;
-4.608954883645578;792;
-0.02480228072599634;793;
-0.02783761227277386;794;
-6.649975510273698;795;
-9.739292557860068;796;
-11.824065075832824;797;
-17.243987701669543;798;
-23.111044343266133;799;
-22.43568438516861;800;
-14.886234431079743;801;
-8.700505183746708;802;
-4.252178373092114;803;
-4.408907513649497;804;
-4.476653235634053;805;
-7.6330943407409615;806;
-16.433719471551413;807;
-15.180639134470066;808;
-13.996724989593542;809;
-0.02480228072599634;810;
-0.02480228072599634;811;
-11.018895995115905;812;
-13.260461357268563;813;
-14.859816524457566;814;
-0.02480228072599634;815;
-0.02480228072599634;816;
-22.871889866185377;817;
-19.692881997543594;818;
-14.022869498930552;819;
-0.02480228072599634;820;
-0.01213307079162059;821;
-10.378929220142735;822;
-10.189399074791364;823;
-10.706361385114475;824;
-11.05014882009073;825;
-10.860683338767263;826;
-12.102036881165962;827;
-10.316549540929383;828;
-0.02480228072599634;829;
-0.02480228072599634;830;
-12.257458321610777;831;
-11.800486604740941;832;
-9.578636582031121;833;
-8.00718407123909;834;
-6.819833581948949;835;
-6.536422857126463;836;
-6.734792354039414;837;
-0.02480228072599634;838;
-0.027849609630666263;839;
-9.528000973702904;840;
-11.19895859595837;841;
-15.212498096079504;842;
-0.02480228072599634;843;
5.342071764768386;844;
-0.02480228072599634;845;
-15.199521003516857;846;
-8.28975814764271;847;
-0.02480228072599634;848;
-0.02480228072599634;849;
-6.083293160940682;850;
-7.5252294225370635;851;
-9.354111509338631;852;
-17.763144031716962;853;
-13.824571011268814;854;
-11.958906633098593;855;
-12.911695668022336;856;
-0.02480228072599634;857;
-0.02481427808388874;858;
-12.11024399984104;859;
-12.885296549371901;860;
-16.15817385578177;861;
-20.60046150820803;862;
-21.26357484628741;863;
-17.679357283948978;864;
-12.98076149458172;865;
-0.02480228072599634;866;
-0.02780162019909666;867;
-9.76325437798298;868;
-10.442698237345194;869;
-11.053537193887902;870;
-11.212180548806813;871;
-10.471706681924152;872;
-12.579618404030596;873;
-12.848170959741797;874;
-0.02480228072599634;875;
-0.02480228072599634;876;
-15.23766670616469;877;
-14.193448127232175;878;
-12.378067474371303;879;
-9.294067204753306;880;
-6.53822616884723;881;
-5.294220126383288;882;
-5.204383888568312;883;
-5.6258692268336965;884;
-6.24005972826016;885;
-8.283501845149223;886;
-11.265341741116254;887;
-14.806861129533576;888;
-18.439961651504863;889;
-17.578187567092876;890;
-11.653622197382663;891;
-0.02480228072599634;892;
-0.02500623581016716;893;
-4.660868146213455;894;
-6.271120602367726;895;
-9.22583483353232;896;
-14.881796870959253;897;
-12.772040492176082;898;
-12.02567301374083;899;
-13.165823861502016;900;
-0.02480228072599634;901;
-0.027849609630666263;902;
-11.896061627649493;903;
-12.525515892338156;904;
-14.891965850341782;905;
-18.319145444146834;906;
-20.613055214765325;907;
-18.481959851629234;908;
-14.350281339593165;909;
-0.02480228072599634;910;
-0.02774163340963465;911;
-10.687065079950695;912;
-10.364655751118706;913;
-10.251135222035161;914;
-10.611310822677822;915;
-9.641646292883037;916;
-11.907356605976464;917;
-12.42797128719294;918;
-0.02480228072599634;919;
-0.02480228072599634;920;
-12.523654520333293;921;
-12.647311208397978;922;
-10.984044186109239;923;
-0.02480228072599634;924;
-0.02480228072599634;925;
-6.395981818943904;926;
-5.720194263726577;927;
-5.621179454313918;928;
-0.02480228072599634;929;
-0.027849609630666263;930;
-7.342021245050094;931;
-9.467882314953052;932;
-13.310494595323185;933;
-17.60109448229354;934;
-19.705736621663288;935;
-17.691058543254087;936;
-11.067454362339532;937;
-0.02480228072599634;938;
-0.025042227883844363;939;
-2.8589955215266105;940;
-4.5753939049390375;941;
-8.219313043986174;942;
-16.30898061118336;943;
-12.864033731994777;944;
-13.867426515250724;945;
-13.466623022350056;946;
-0.02480228072599634;947;
-0.02480228072599634;948;
-11.775134183869694;949;
-12.426544348692216;950;
-15.025304452652042;951;
-0.02480228072599634;952;
-0.02480228072599634;953;
-19.73309932673329;954;
-16.991508629586473;955;
-15.037885285502718;956;
-0.02480228072599634;957;
0.12652828003353678;958;
-11.06835364042887;959;
-11.760079821426762;960;
-11.63106501043774;961;
-11.66047876873044;962;
-10.68218477935437;963;
-11.926359951633675;964;
-13.52891354733433;965;
-0.02480228072599634;966;
-0.3197409797974891;967;
-13.943095665092716;968;
-13.286126123466804;969;
-10.781575940070397;970;
-7.4466517595466515;971;
-5.218170217194882;972;
-4.710406144727055;973;
-4.765122454380472;974;
-0.02480228072599634;975;
0.4714724891545623;976;
-7.230465290999637;977;
-9.835773355914114;978;
-13.47734446420948;979;
-17.91251089965072;980;
-19.229717635317993;981;
-16.576899223921153;982;
-13.489846336534924;983;
-0.02480228072599634;984;
0.38231050140817324;985;
-4.544575334171653;986;
-6.648637817632053;987;
-8.371244557489653;988;
-16.7590858709026;989;
-11.687123502895375;990;
-11.4097185331088;991;
-11.109947946978753;992;
-0.02480228072599634;993;
-0.2227985030255907;994;
-11.575313824676373;995;
-12.173716593529765;996;
-14.41434576656015;997;
-17.72779589970674;998;
-19.80921610119753;999;
-19.14004086860891;1000;
-16.614247059301448;1001;
-0.02480228072599634;1002;
-0.02480228072599634;1003;
-12.13457609011169;1004;
-12.096447770353997;1005;
-12.174566418009096;1006;
-12.380861247220745;1007;
-11.27023170993253;1008;
-9.7724548170862;1009;
-13.457645607454248;1010;
-0.02480228072599634;1011;
0.17165880211737486;1012;
-13.318644872640055;1013;
-12.640384997245874;1014;
-9.779874416681892;1015;
-6.901759260065929;1016;
-4.928761415032349;1017;
-4.400663824581506;1018;
-4.251446064507834;1019;
-4.83449048325537;1020;
-6.79810349560864;1021;
-9.351763601644013;1022;
-13.1613031271676;1023;
-17.82243014218997;1024;
-20.669237219502655;1025;
-20.534918504251873;1026;
-14.24342284261737;1027;
-0.02480228072599634;1028;
0.14501197936108076;1029;
-6.081715663013468;1030;
-3.2072769133053467;1031;
-7.712461825199178;1032;
-18.200484739429466;1033;
-15.536742952325948;1034;
-12.83804575920369;1035;
-12.420685742419456;1036;
-0.02480228072599634;1037;
-0.02480228072599634;1038;
-10.954270883471308;1039;
-11.936305226840592;1040;
-14.609213596980055;1041;
-19.068457421748516;1042;
-20.578313067556866;1043;
-19.91374798205224;1044;
-16.69002854698111;1045;
-0.02480228072599634;1046;
0.0022637586792609438;1047;
-11.408441974737869;1048;
-10.948313643556693;1049;
-11.232071152564473;1050;
-11.080581365787621;1051;
-10.974488491609984;1052;
-10.415492613325975;1053;
-13.969943946014636;1054;
-0.02480228072599634;1055;
-0.1711575273013953;1056;
-13.523609529525896;1057;
-12.800518546960358;1058;
-9.643001910268222;1059;
-6.810246534984208;1060;
-5.85461458546535;1061;
-4.696564561772029;1062;
-4.829608941816488;1063;
-0.02480228072599634;1064;
0.27611568559129623;1065;
-7.090925042675667;1066;
-9.979826191632284;1067;
-14.329839066873491;1068;
-18.32864579268763;1069;
-20.221843609142464;1070;
-20.41765907274152;1071;
-13.856610773843842;1072;
-0.02480228072599634;1073;
-0.34641179726956794;1074;
-7.147648126035859;1075;
-5.904859302530023;1076;
-7.899357215932143;1077;
-16.383608717678946;1078;
-15.1247405728522;1079;
-14.31477674629752;1080;
-13.589649052151803;1081;
-0.02480228072599634;1082;
-0.07539896395954859;1083;
-10.845665093842387;1084;
-12.394880431201875;1085;
-15.510230729786814;1086;
-17.549179153941076;1087;
-20.30194261818056;1088;
-18.779076038799953;1089;
-15.045842272620751;1090;
-0.02480228072599634;1091;
-0.02480228072599634;1092;
-11.980838064947955;1093;
-11.954151516582705;1094;
-11.513815457871189;1095;
-11.724256424034143;1096;
-11.071171503948458;1097;
-9.907626276318627;1098;
-12.586769770924722;1099;
-0.02480228072599634;1100;
-0.032288632050854735;1101;
-12.832842365561191;1102;
-12.024804553122603;1103;
-9.357201932795158;1104;
-7.883659684076355;1105;
-5.877467153399104;1106;
-4.6805445785521;1107;
-4.740365081784632;1108;
-0.03171275887201948;1109;
-0.02480228072599634;1110;
-8.007973958456917;1111;
-10.639812482518396;1112;
-13.221567013869844;1113;
-17.82555229572634;1114;
-20.827514970837385;1115;
-18.824802935485344;1116;
-12.801143902524895;1117;
-0.02480228072599634;1118;
-0.2949147898400814;1119;
-7.674380144897216;1120;
-7.149995110299425;1121;
-6.7754755758863805;1122;
-16.377893062850138;1123;
-11.862581244294592;1124;
-14.322913702580095;1125;
-11.83074992899247;1126;
-0.02480228072599634;1127;
-0.03459212476619578;1128;
-10.508522407912379;1129;
-12.111737356289929;1130;
-13.319342698532685;1131;
0.08750134681094685;1132;
-38.71689450343245;1133;
-0.02480228072599634;1134;
-20.047795227687637;1135;
-16.43400734859391;1136;
-0.02480228072599634;1137;
0.36868242937976;1138;
-11.712703091949404;1139;
-11.922625451702741;1140;
-11.515446478123277;1141;
-11.086077341322333;1142;
-10.924328035117487;1143;
-10.148963329066811;1144;
-12.698991291340771;1145;
-0.027489688893894224;1146;
-0.02480228072599634;1147;
-13.5353867765101;1148;
-12.567844151809206;1149;
-11.273585758418074;1150;
-8.761025723630288;1151;
-6.588674993543245;1152;
-4.79074877320839;1153;
-4.450929518459663;1154;
-0.02480228072599634;1155;
-0.024850270157565944;1156;
-6.348139627767449;1157;
-7.549911506442973;1158;
-11.152897848997146;1159;
-15.793318458740304;1160;
-20.121660548767853;1161;
-20.724198728770048;1162;
-14.039794589733967;1163;
-0.02480228072599634;1164;
-0.024886262231243145;1165;
-8.102401061571664;1166;
-4.92638517709891;1167;
-6.251462733558933;1168;
-15.392929181722296;1169;
-15.630135339364227;1170;
-14.942468180993172;1171;
-11.120201331907289;1172;
-9.976456826041185;1173;
-10.518684367650573;1174;
-10.68686536926805;1175;
-12.069463671179134;1176;
-15.867962012257616;1177;
-18.92621307184519;1178;
-19.515676123491566;1179;
-16.878072430788432;1180;
-14.035654899146444;1181;
-0.02480228072599634;1182;
-12.205107853905993;1183;
-12.212713163181832;1184;
-12.234564877965413;1185;
-12.235303444106304;1186;
-11.52737145666166;1187;
-9.95858055328047;1188;
-12.66743059879533;1189;
-0.09736230125923927;1190;
-0.02480228072599634;1191;
-13.853178372192225;1192;
-13.508056060040442;1193;
-12.623731874077894;1194;
-9.283645272800435;1195;
-6.242987647561808;1196;
-4.2915222658871555;1197;
-3.8252630872196316;1198;
-0.02480228072599634;1199;
-0.02480228072599634;1200;
-5.0957572834692355;1201;
-7.393144463020121;1202;
-10.120519918317507;1203;
-14.522435830995594;1204;
-18.42604330241352;1205;
-20.261512786721134;1206;
-15.847444371624206;1207;
-0.02480228072599634;1208;
-0.34153217525465246;1209;
-9.441510039584577;1210;
-6.326183324139259;1211;
-6.2830558525219145;1212;
-15.269881867206042;1213;
-14.044102490669102;1214;
-13.208655091553782;1215;
-12.395811332683396;1216;
-11.152888552844372;1217;
-11.167117795696301;1218;
-11.506568867998551;1219;
-13.30520296006034;1220;
-16.486410982925882;1221;
-19.036784866156932;1222;
-18.728478333337204;1223;
-15.218731563803052;1224;
-0.02480228072599634;1225;
0.2703880761673163;1226;
-11.294241878286234;1227;
-12.184125274161667;1228;
-12.156814882001141;1229;
-11.497085870920744;1230;
-11.235718349363763;1231;
-9.819930066658735;1232;
-13.058203941698721;1233;
0.07369710584703508;1234;
-0.02480228072599634;1235;
-13.743772514047828;1236;
-14.262461974663093;1237;
-13.725698284524727;1238;
-10.304873922349845;1239;
-7.022941404789151;1240;
-4.830906801271428;1241;
-3.7172300091162302;1242;
-0.02480228072599634;1243;
0.22873945067613247;1244;
-4.923748927080751;1245;
-7.138823351408783;1246;
-9.689103138957202;1247;
-13.432417718159087;1248;
-17.200771903660872;1249;
-17.747482131765384;1250;
-14.52573370858065;1251;
-0.02480228072599634;1252;
-0.02480228072599634;1253;
-7.5385493290591565;1254;
-5.20509125962374;1255;
-5.633239501423715;1256;
-12.753883567193885;1257;
-18.124729241314036;1258;
-18.211443400853145;1259;
-11.01798127951532;1260;
-0.02480228072599634;1261;
-0.2228704871729451;1262;
-10.246361723937579;1263;
-9.838542515505226;1264;
-11.315129515489225;1265;
-15.157142792415756;1266;
-18.99192306457162;1267;
-20.345068933726328;1268;
-18.144005880220213;1269;
-0.02480228072599634;1270;
-0.02480228072599634;1271;
-13.637797432239118;1272;
-12.64755074275685;1273;
-11.837992510353086;1274;
-11.980304194776608;1275;
-11.81744956963413;1276;
-10.776453979127767;1277;
-11.10470051597133;1278;
-0.02480228072599634;1279;
-0.2694278857980542;1280;
-13.50410110921721;1281;
-12.707499122478783;1282;
-12.312214924184776;1283;
-9.465862787945358;1284;
-6.6762738323205175;1285;
-4.87825321394918;1286;
-4.313418206842836;1287;
-4.222360195741033;1288;
-5.075231807759941;1289;
-7.107586803944893;1290;
-10.126851550438555;1291;
-14.110475379268832;1292;
-18.549525967005945;1293;
-19.89707478358515;1294;
-18.14312657074233;1295;
-0.02480228072599634;1296;
-0.02480228072599634;1297;
-7.629072153886555;1298;
-7.616388360158655;1299;
-6.286247655373085;1300;
-15.712404267946004;1301;
-13.585081588043497;1302;
-11.975614821787856;1303;
-11.190395418861899;1304;
-10.560707285069466;1305;
-10.394016289440385;1306;
-11.21760710212007;1307;
-13.300948424070056;1308;
-16.910596489519104;1309;
-19.929175701035724;1310;
-19.38442861831457;1311;
-17.920526750078206;1312;
-14.41528250018728;1313;
-12.084890391471065;1314;
-11.96655846142447;1315;
-11.953473378864349;1316;
-12.442683154399779;1317;
-12.302822694245776;1318;
-11.115809692988156;1319;
-11.982088423030802;1320;
-0.02480228072599634;1321;
-0.02480228072599634;1322;
-13.395483519833729;1323;
-13.791620370479386;1324;
-12.652384427125961;1325;
-9.013094474796047;1326;
-5.8298746778791735;1327;
-4.71419571017927;1328;
-3.6199980735685346;1329;
-4.17458679065118;1330;
-5.9223871821590155;1331;
-8.519873608964048;1332;
-11.97792301935292;1333;
-15.399075292970371;1334;
-18.92583275586315;1335;
-19.244492736903005;1336;
-15.409186763432684;1337;
-0.02480228072599634;1338;
-0.14020781510955851;1339;
-5.314065436875812;1340;
-5.571688185574205;1341;
-6.530469739270547;1342;
-16.222261261180673;1343;
-14.547733375152738;1344;
-14.85087737367208;1345;
-11.73216920689675;1346;
-0.02480228072599634;1347;
-0.02480228072599634;1348;
-10.412543522856492;1349;
-10.64997532740147;1350;
-12.72747138602966;1351;
-16.182467876296442;1352;
-18.047093611997695;1353;
-19.883626163225433;1354;
-18.190162757221504;1355;
-0.02480228072599634;1356;
-0.39736887120598613;1357;
-0.02480228072599634;1358;
-12.920034649782165;1359;
-12.806325135818483;1360;
-12.397379210187314;1361;
-12.28550227270862;1362;
-11.906450150862769;1363;
-12.214881776132938;1364;
-0.02480228072599634;1365;
-0.02480228072599634;1366;
-13.770415213855328;1367;
-14.249586223208915;1368;
-11.2477279605415;1369;
-7.7982431788155075;1370;
-6.543086894815955;1371;
-4.672277447355011;1372;
-3.7991856100489634;1373;
-0.02480228072599634;1374;
-0.024105911614232863;1375;
-6.774227246613792;1376;
-9.094600913457292;1377;
-12.587832412433837;1378;
-16.36509627878021;1379;
-18.19908189159889;1380;
-18.93653549187035;1381;
-15.156716540174704;1382;
-10.71278136289207;1383;
-6.409144968685743;1384;
-5.218426693975238;1385;
-5.754143043340542;1386;
-17.477505317556222;1387;
-18.391109062015435;1388;
-16.360055842167448;1389;
-10.333535960357862;1390;
-0.02480228072599634;1391;
-0.02480228072599634;1392;
-9.80690535917732;1393;
-10.536883711540787;1394;
-13.023681118086682;1395;
-14.869908646073782;1396;
-18.87442428750957;1397;
-20.806030229084875;1398;
-18.900468264310646;1399;
-0.02480228072599634;1400;
-0.02480228072599634;1401;
-13.00708580619277;1402;
-12.35673530448605;1403;
-12.06456185877495;1404;
-11.943602177384784;1405;
-11.636034513059796;1406;
-10.94759991776748;1407;
-11.481993363461338;1408;
-0.02557011163111002;1409;
-0.02480228072599634;1410;
-12.36495216664158;1411;
-12.795113694262138;1412;
-11.125867489292746;1413;
-9.646848931296828;1414;
-7.022596050253592;1415;
-5.031290462290819;1416;
-4.278529568922756;1417;
-4.946844773817721;1418;
-6.405327788353365;1419;
-8.575616103280346;1420;
-11.688405348907056;1421;
-13.980368123048793;1422;
-18.218965022837356;1423;
-18.429762204801726;1424;
-13.184683188622241;1425;
-0.0253781539048316;1426;
-0.02480228072599634;1427;
-6.183557260031311;1428;
-6.6822823769425685;1429;
-12.789196580377602;1430;
-17.687531673852664;1431;
-14.694701936434145;1432;
-12.429457176669814;1433;
-11.219951545807522;1434;
-0.02480228072599634;1435;
-0.26837594330481895;1436;
-10.40568024372871;1437;
-12.359326226916204;1438;
-13.733184166605232;1439;
-17.530024915076368;1440;
-20.01106914154234;1441;
-18.92861478230186;1442;
-15.762056935461388;1443;
-0.026529900262502123;1444;
-0.02480228072599634;1445;
-12.334087265631334;1446;
-12.2786367923329;1447;
-12.020545781526947;1448;
-11.96608185802234;1449;
-11.668254637471373;1450;
-10.482454884946012;1451;
-14.126195847035035;1452;
-0.02480228072599634;1453;
-0.024874264873350746;1454;
-12.884681321761192;1455;
-13.166107336048636;1456;
-12.17105622696148;1457;
-8.326944175205826;1458;
-5.544364217822186;1459;
-4.30018021863446;1460;
-4.524516872868342;1461;
-0.030752970240627373;1462;
-0.02480228072599634;1463;
-7.140241976078789;1464;
-9.79350725686918;1465;
-11.205460809461188;1466;
-15.219950030462735;1467;
-18.625687081188968;1468;
-17.225867762980783;1469;
-11.929806165480612;1470;
0.27023674456393587;1471;
-9.32171352570137;1472;
-0.02480228072599634;1473;
-4.40748137817413;1474;
-6.825601987504427;1475;
-16.548193163605866;1476;
-14.888473857615862;1477;
-12.87381456031938;1478;
-11.496604417695062;1479;
0.026258474464063496;1480;
-0.02480228072599634;1481;
-10.749773700725324;1482;
-11.170091559626957;1483;
-13.965306288086671;1484;
-17.70536245768205;1485;
-19.615009715084526;1486;
-19.0421682070473;1487;
-16.214340029023997;1488;
-0.06588123414957832;1489;
-0.02480228072599634;1490;
-13.007510597356935;1491;
-12.213860015882604;1492;
-12.25657315121159;1493;
-12.628512467080311;1494;
-11.790181785188793;1495;
-13.519142409146351;1496;
-15.578305393332645;1497;
-0.02480228072599634;1498;
-0.02480228072599634;1499;
-13.477293121215869;1500;
-13.320790566050242;1501;
-9.539654671433079;1502;
-6.15610253457375;1503;
-4.455458799265324;1504;
-4.1008885336017356;1505;
-5.14569747787661;1506;
0.007516174973582595;1507;
-0.02480228072599634;1508;
-10.251716291224747;1509;
-12.04580412863224;1510;
-17.241926640898715;1511;
-20.936646084166405;1512;
-19.139388916120986;1513;
-11.552009203744511;1514;
-7.640459539725922;1515;
-0.02480228072599634;1516;
-0.02160611381731313;1517;
-8.264770504101772;1518;
-8.849135922079494;1519;
-18.637964637772075;1520;
-13.746769694227606;1521;
-11.095843796577263;1522;
-9.084719757773426;1523;
-9.89319512153612;1524;
-11.001160380921204;1525;
-11.55622347824137;1526;
-13.99612764289302;1527;
-17.23189167250504;1528;
-18.887336776247164;1529;
-17.324586724811716;1530;
-15.388949368630712;1531;
-13.477395763369742;1532;
0.1660983298717596;1533;
-0.02480228072599634;1534;
-14.588140908148446;1535;
-13.702584859231418;1536;
-13.404386763825011;1537;
-11.638857194975783;1538;
-9.578124881719162;1539;
-14.005539214819091;1540;
-13.328003602209456;1541;
-0.02480228072599634;1542;
-0.02518619617855318;1543;
-10.114483749304817;1544;
-8.53564005682261;1545;
-6.942730586048738;1546;
-0.02480228072599634;1547;
0.22644360796338353;1548;
-6.249348053286053;1549;
-7.027213103435249;1550;
-8.097159402507;1551;
-9.52777438831115;1552;
-0.02480228072599634;1553;
-11.094937924254596;1554;
-14.701676231749365;1555;
-17.259595880978598;1556;
-17.398393743456833;1557;
-15.735944535130413;1558;
-11.428012729222193;1559;
-6.246235822526837;1560;
-4.493446920190874;1561;
-6.31642705018198;1562;
-7.318382723150032;1563;
-15.710014918118251;1564;
-0.02480228072599634;1565;
0.40719238115235545;1566;
-13.738271461596216;1567;
-10.00391560780742;1568;
-8.713634032745055;1569;
-8.89026040272058;1570;
-0.02480228072599634;1571;
-7.884720307597536;1572;
-9.32978009348901;1573;
-13.003492170004527;1574;
-0.02480228072599634;1575;
-0.03593582885014472;1576;
-21.00647347166809;1577;
-19.048264426868172;1578;
-15.874630716510659;1579;
-0.02480228072599634;1580;
0.3651786785211746;1581;
-12.757710900048219;1582;
-11.352433093270264;1583;
-10.796669030320828;1584;
-0.02480228072599634;1585;
0.32668072410647153;1586;
-11.732925329677304;1587;
-12.443706646653697;1588;
-9.968278200532124;1589;
-9.918735264528275;1590;
-0.02480228072599634;1591;
-10.840341485036854;1592;
-8.911693763193302;1593;
-5.793633886581078;1594;
-4.6380299130632;1595;
-3.1992551430655594;1596;
-2.316650990573652;1597;
-2.3885813351660103;1598;
-0.02480228072599634;1599;
0.2742928962395759;1600;
-5.0093488655133065;1601;
-6.7452944189585935;1602;
-10.708047606351194;1603;
-0.02480228072599634;1604;
0.03011884341212905;1605;
-11.377078080231778;1606;
-17.8658974480616;1607;
-10.074759944022064;1608;
-0.02480228072599634;1609;
-0.02480228072599634;1610;
-9.250751132729196;1611;
-9.390227866237817;1612;
-10.444236969178737;1613;
-0.02480228072599634;1614;
0.12052473137803166;1615;
-15.465457736243378;1616;
-13.0341806411179;1617;
-11.266725058152579;1618;
-10.071187063101132;1619;
30.15643281356874;1620;
-0.02480228072599634;1621;
-10.14993051495689;1622;
-10.356441861809316;1623;
-0.02480228072599634;1624;
0.030577758965411626;1625;
-9.754944169826347;1626;
-9.506606174147178;1627;
-9.505990968453144;1628;
-9.61027516800876;1629;
-0.02480228072599634;1630;
-9.64105719029991;1631;
-9.583610206711873;1632;
-9.700325419862727;1633;
-9.76807202699216;1634;
-9.669675396119679;1635;
-9.809056113134908;1636;
-9.823524701538531;1637;
-9.82006946246552;1638;
-9.960013292499648;1639;
-9.754195044773454;1640;
-9.669935179527176;1641;
-9.732220438787373;1642;
-9.743919020741176;1643;
-9.780429080406721;1644;
-9.878260677449548;1645;
-0.02480228072599634;1646;
-0.02480228072599634;1647;
-9.785338154606242;1648;
-9.810059167533021;1649;
-9.696047095556146;1650;
-0.02480228072599634;1651;
-0.2228584898150527;1652;
-9.76950619586107;1653;
-9.790944261183515;1654;
-9.793878692598973;1655;
-0.02480228072599634;1656;
-0.02480228072599634;1657;
-9.71402992180558;1658;
-9.807935832789397;1659;
-9.772616851996725;1660;
-0.02480228072599634;1661;
-0.2708037569543843;1662;
-9.723741872413582;1663;
-9.707106683499617;1664;
-9.705766912667189;1665;
-9.722010319625555;1666;
-9.683933132137623;1667;
-9.62516211072324;1668;
-9.79676592499619;1669;
-9.686444315585323;1670;
-9.720325965855771;1671;
-9.776581870570935;1672;
-9.758743803029539;1673;
-0.02480228072599634;1674;
-0.02480228072599634;1675;
-9.794117849343491;1676;
-9.670447931874516;1677;
-9.629514978001527;1678;
-0.02480228072599634;1679;
-0.1221843123846133;1680;
-9.77695791952045;1681;
-9.79180649012511;1682;
-9.791058325477598;1683;
-0.02480228072599634;1684;
0.02404331060926953;1685;
-9.620645590077519;1686;
-9.657383006733022;1687;
-9.845986259114893;1688;
-0.02480228072599634;1689;
-0.36790219937888385;1690;
-9.460074791392781;1691;
-9.596355691621536;1692;
-9.756370283385042;1693;
-9.411963709463231;1694;
-9.672145817402443;1695;
-9.768982226550198;1696;
-9.828477813102976;1697;
-0.02480228072599634;1698;
-0.26841193537849617;1699;
-9.614005734688176;1700;
-9.352527121683254;1701;
-9.157310775074476;1702;
-9.49109280877513;1703;
-9.66548236250398;1704;
-9.635134616336945;1705;
-9.366459169423242;1706;
-0.02480228072599634;1707;
-0.020326221524122258;1708;
-9.32613748799277;1709;
-9.496777580382807;1710;
-9.608490092895861;1711;
-9.324053485764347;1712;
-9.26455789921157;1713;
-9.590977713632425;1714;
-9.343031499908854;1715;
-0.02480228072599634;1716;
-0.11742466394862186;1717;
-8.936990271684564;1718;
-9.37575747057011;1719;
-9.736575809667446;1720;
-0.02595402708366686;1721;
-0.02480228072599634;1722;
-9.813745038795982;1723;
-10.683627888678375;1724;
-11.50758985665068;1725;
-0.02480228072599634;1726;
-0.2167829570121932;1727;
-12.370204885289752;1728;
-12.425657559836123;1729;
-11.221315498940099;1730;
-9.569203892281044;1731;
-8.062043709950814;1732;
-7.538879753613992;1733;
-7.381501437748626;1734;
-0.02480228072599634;1735;
-0.22055064974441138;1736;
-6.747119015393868;1737;
-6.84573810959941;1738;
-6.459327701725281;1739;
-4.656319155316845;1740;
-4.753300792416992;1741;
-5.043052445513297;1742;
-3.8160831612327164;1743;
-0.02480228072599634;1744;
0.41751167600183314;1745;
-5.242256546977202;1746;
-5.897686984702393;1747;
-6.571104181928537;1748;
-7.081653993852263;1749;
-7.439224784608946;1750;
-8.195801232993459;1751;
-8.748006362680627;1752;
-0.02480228072599634;1753;
0.6622016152186533;1754;
-9.325838000002893;1755;
-9.885312963374144;1756;
-10.069794449912033;1757;
-10.543503620235354;1758;
-10.927126367842826;1759;
-11.267778586768925;1760;
-11.263346094054857;1761;
-0.02480228072599634;1762;
0.3189503649623853;1763;
-11.494452400978242;1764;
-11.373536756953005;1765;
-11.578022139944428;1766;
-0.02480228072599634;1767;
-0.02480228072599634;1768;
-11.818899585055794;1769;
-11.680220794075217;1770;
-11.539681424604654;1771;
-0.02480228072599634;1772;
-0.027405707388647414;1773;
-10.927625566515344;1774;
-11.949159935731263;1775;
-12.927016395699903;1776;
-13.586002513404042;1777;
-11.427788737750381;1778;
-11.96993857473475;1779;
-12.84917584332067;1780;
-0.02480228072599634;1781;
0.21883108194836773;1782;
-9.40247757264878;1783;
-9.311286602593498;1784;
-10.000220909636038;1785;
-0.04361413790128155;1786;
-0.02480228072599634;1787;
-9.861040977255502;1788;
-9.74293879425398;1789;
-9.80210159762396;1790;
-0.02480228072599634;1791;
0.32182509680734084;1792;
-9.588013434661715;1793;
-9.680767599287865;1794;
-9.659165108999781;1795;
-9.777243692492183;1796;
-9.686001590167143;1797;
-9.760060163160023;1798;
-9.81475680655584;1799;
-9.75909644127711;1800;
-9.681485069521422;1801;
-9.645554816286234;1802;
-9.671251350850484;1803;
-9.703275584284265;1804;
-9.968456459609758;1805;
-9.78657959415067;1806;
-9.769752447510426;1807;
-0.02480228072599634;1808;
0.07079266696065704;1809;
-9.260641509305334;1810;
-9.649041521371405;1811;
-9.952553702337225;1812;
-0.02480228072599634;1813;
0.6682171612320508;1814;
-9.756339006180056;1815;
-9.776648924653951;1816;
-9.68920271108776;1817;
-0.02480228072599634;1818;
0.07851102874685079;1819;
-9.815504971203355;1820;
-9.778285307807295;1821;
-9.721884644384092;1822;
-9.756879480095211;1823;
-9.813198316834697;1824;
-9.573122369888543;1825;
-9.649006122107727;1826;
-0.02480228072599634;1827;
0.5699228080196072;1828;
-9.953576422992938;1829;
-9.853755221758169;1830;
-9.940590162881847;1831;
-9.96752890858873;1832;
-0.02480228072599634;1833;
-9.968107943420879;1834;
-9.875009195857375;1835;
-10.210585714370378;1836;
-0.02480228072599634;1837;
0.12887211217785532;1838;
-10.829539759690123;1839;
-11.632416111780376;1840;
-12.598915880323606;1841;
-0.02480228072599634;1842;
-0.02480228072599634;1843;
-11.85042008185783;1844;
-10.992561502207204;1845;
-9.031342447354234;1846;
-0.02480228072599634;1847;
0.2258385836655385;1848;
-5.5128026401318655;1849;
-5.733468498057338;1850;
-6.871551454210534;1851;
-7.389207635258081;1852;
-8.585475671895852;1853;
-9.191091007664108;1854;
-10.48003138224431;1855;
-0.02480228072599634;1856;
0.4693206147365222;1857;
-12.01874469297079;1858;
-11.867525528950617;1859;
-11.212817455115884;1860;
-0.02480228072599634;1861;
-0.029409266156678427;1862;
-9.147338760621798;1863;
-8.419046682838877;1864;
-9.511416356184347;1865;
-0.02480228072599634;1866;
0.414343851164235;1867;
-13.490145370338102;1868;
-9.63445905748088;1869;
-9.414704828763178;1870;
-9.523079139343443;1871;
-9.853350679642631;1872;
-9.806885579373045;1873;
-9.854240630152042;1874;
-9.97307917804652;1875;
-9.856720347587581;1876;
-9.765106129564543;1877;
-9.595433692308937;1878;
-0.02518619617855318;1879;
-0.02480228072599634;1880;
-9.915507102008048;1881;
-9.997392676011623;1882;
-9.741434598455912;1883;
-0.02480228072599634;1884;
0.22113892201900906;1885;
-9.697292468352092;1886;
-9.490225103385608;1887;
-9.794532648017181;1888;
-9.948805012596617;1889;
-9.774905572111367;1890;
-9.859695843521823;1891;
-9.35253124374195;1892;
-9.601942320748387;1893;
-9.79900053999493;1894;
-9.975258538716803;1895;
-10.329131000404434;1896;
-10.26501250660772;1897;
-0.02480228072599634;1898;
-10.17063240419356;1899;
-10.23456661795986;1900;
-10.429108760101803;1901;
-0.02480228072599634;1902;
-0.07126833453718703;1903;
-11.192720590275599;1904;
-10.70030402856445;1905;
-9.835291109173555;1906;
-9.43093423471905;1907;
-9.079459663783238;1908;
-9.448728847686551;1909;
-9.749204143890214;1910;
-0.02480228072599634;1911;
0.2182162007424839;1912;
-9.299495354606798;1913;
-9.155199428892589;1914;
-8.71204473506328;1915;
-0.02480228072599634;1916;
-0.07666685889484706;1917;
-8.661704120599067;1918;
-8.686613158000606;1919;
-8.95235810675037;1920;
-0.02480228072599634;1921;
0.031749675037570896;1922;
-9.697870073534512;1923;
-9.849547884786123;1924;
-9.966615547377375;1925;
-10.024591205126004;1926;
-10.063608514987727;1927;
-10.120404893618046;1928;
-10.043079106026912;1929;
-0.02480228072599634;1930;
0.07852302610474318;1931;
-9.830863321309211;1932;
-9.811916773176865;1933;
-9.811548590730387;1934;
-9.81136449950715;1935;
-9.888462930108325;1936;
-9.871251868015525;1937;
-9.815951818680231;1938;
-0.02480228072599634;1939;
0.47044454137711184;1940;
-9.588072433434517;1941;
-9.493175267807148;1942;
-9.531636370747636;1943;
-9.522292413778931;1944;
-0.02480228072599634;1945;
-9.627681349481156;1946;
-9.702088438662914;1947;
-9.759864272182224;1948;
-0.02480228072599634;1949;
0.47044454137711184;1950;
-9.623062564295914;1951;
-9.564115318161331;1952;
-9.467086951287298;1953;
-0.02614598480994528;1954;
-0.02480228072599634;1955;
-9.467278909013576;1956;
-9.560048806645804;1957;
-9.692059437878196;1958;
-0.02480228072599634;1959;
0.028161942673738703;1960;
-8.860888836242548;1961;
-8.890617443464025;1962;
-8.52881447538362;1963;
-11.789943891203505;1964;
-11.753651007230268;1965;
-11.438572431665921;1966;
-11.452654131770846;1967;
-0.02480228072599634;1968;
0.006870744109943032;1969;
-9.966278248152031;1970;
-9.432759413945353;1971;
-9.222913987218835;1972;
-9.340644054522361;1973;
-9.573710231629112;1974;
-9.765020558436483;1975;
-10.261375566366583;1976;
-0.02480228072599634;1977;
0.07616719660253227;1978;
-10.895002729168992;1979;
-10.67891239066204;1980;
-10.51982612151777;1981;
-9.66282602636439;1982;
-8.720021577246088;1983;
-7.956296265569239;1984;
-7.588838071082558;1985;
-6.892858594936937;1986;
-7.436641653421329;1987;
-7.783696302995837;1988;
-8.606075410139674;1989;
0.26362121248526443;1990;
-0.02480228072599634;1991;
-10.425706385302135;1992;
-10.499713826025255;1993;
-9.942056946975473;1994;
-0.02480228072599634;1995;
-0.02456696761736912;1996;
-9.062430680472918;1997;
-9.12254147271973;1998;
-9.109667544899137;1999;
