0.3226219323496907;
-9.508514450602178;
0.4963035546416762;
0.5738563551965525;
0.7297155857519215;
0.45789123617348926;
0.39953871812337244;
0.4577018493571962;
0.6128054915571709;
0.8458877217792796;
0.3226219323496907;
0.5158649805910199;
0.4962761299047844;
0.45787360598548743;
0.5354381599990317;
0.49667645154492834;
0.3413716690699927;
0.16686268627074158;
0.3226219323496907;
-9.330383817025233;
0.1864437013178652;
0.14766044485620408;
0.14728363013339596;
0.18605513313638916;
0.26419568323792453;
0.2444194046451739;
0.12845428562211061;
0.3226219323496907;
0.3226219323496907;
0.28337637664490417;
0.26398278950429566;
0.24459312018324306;
0.2639886662336296;
0.26437919332488363;
0.38033059997950097;
0.4379236118546676;
0.3226219323496907;
-29.18845477429232;
0.3411666109754758;
0.30238335451381465;
0.3029475971431379;
0.30294955605291585;
0.24421434655065694;
0.1864182354907514;
0.18679700912333752;
0.3226219323496907;
0.3226219323496907;
0.2831791541894992;
0.1282590220764836;
0.22558614231433258;
0.30275625141706686;
0.32214396182834143;
0.36055040356719437;
0.2639769127749617;
0.3226219323496907;
-19.260944081913404;
0.16684113826318375;
0.22501406404589744;
0.22520540977196848;
0.24439785663761607;
0.3219506571924924;
0.28337049991557023;
0.18604142076794325;
0.3226219323496907;
-29.18845477429232;
0.24440569227672798;
0.2250160229556754;
0.20562831254440084;
0.2248227183198264;
0.16683917935340578;
0.22539675549803953;
0.2058137815411379;
0.18623668431357027;
0.20523974436292475;
0.28337049991557023;
0.3603570989313454;
0.3413501210624349;
0.3025649056909958;
0.16665762817622465;
0.2246333315035333;
0.22463724932308926;
0.22501994077523138;
0.26399258405318554;
0.18642607112986334;
0.22540655004692944;
0.2641721763205887;
0.20562635363462284;
0.20542913117921785;
0.3226219323496907;
0.3226219323496907;
0.20601100399654293;
0.16665958708600262;
0.22521324541108043;
0.20543892572810776;
0.2255998546827785;
0.20582161718024986;
0.2829956441025401;
0.3226219323496907;
0.3226219323496907;
0.282999561922096;
0.24440961009628395;
0.2250160229556754;
0.2638012383271145;
0.2638012383271145;
0.30276408705617874;
0.34173868924391093;
0.3226219323496907;
0.3226219323496907;
0.26361381042059945;
0.3025766591496637;
0.28319090764816707;
0.34155126133739583;
0.32234901992285836;
0.3415532202471738;
0.3219741641098282;
0.3226219323496907;
0.3226219323496907;
0.418541778172727;
0.34155909697650777;
0.26381103287600444;
0.24498168836471912;
0.3219702462902722;
0.36055628029652836;
0.3213883734729471;
0.3226219323496907;
0.4777392869181113;
0.3605582392063063;
0.4187194115303521;
0.39933757784841145;
0.39932582438974357;
0.45769009589852827;
0.45769401371808427;
0.418727247169464;
0.3226219323496907;
-24.224699428102863;
0.3997163514809976;
0.26418197086947864;
0.2835716401905312;
0.3415434256982839;
0.30258253587899764;
0.2638051561466705;
0.2638051561466705;
0.4195702789549536;
0.3226219323496907;
0.36094876629756034;
0.3413716690699927;
0.3415473435178399;
0.3029554327822498;
0.244800137187538;
0.3027777994246247;
0.2058294528193618;
0.2442202232799909;
0.2828180107449149;
0.2640023786020755;
0.24461858601035688;
0.22543005696426527;
0.18607080441461304;
0.1666772172740045;
0.32216550983589926;
0.3420116016707433;
0.3226219323496907;
0.18626802687001803;
0.031129124294039613;
0.0123017386925323;
-0.08500971026709282;
-0.10477423540117554;
-0.08538456608012297;
-0.02740102711370236;
0.3226219323496907;
20.452148260111517;
-0.06616273556780565;
-0.02663956202897412;
-0.1043856672196995;
-0.08479485762368594;
-0.16273034963070437;
-0.027393191474590423;
0.030773857578789292;
0.06934813812637748;
-0.045652416627218556;
-0.026840702303935104;
0.06934813812637748;
0.1472895068627299;
0.06991825748503468;
0.0699143396654787;
0.08948947798326838;
0.3226219323496907;
0.3226219323496907;
0.05034116025746703;
-0.0659948967590704;
0.1086878015782499;
0.16685485063162964;
0.14707857203887897;
0.10868388375869394;
0.10830119230655183;
0.14811490846021752;
0.3226219323496907;
-0.007447115163326561;
-0.026842661213713086;
-0.10439742067836741;
-0.08519909708338588;
-0.10497341676635855;
-0.007825888795912684;
0.01155202706647198;
-0.026200769703184558;
0.3226219323496907;
-0.04642563517061469;
-0.04661893980646372;
-0.027035965849562117;
-0.06582509904055718;
-0.08578292881048896;
-0.08521085054205378;
-0.12379884345808788;
-0.0649801083452897;
0.3226219323496907;
-0.20135556183252018;
-0.12399214809393691;
-0.18215332041798268;
-0.12436700390696709;
-0.06619995485358734;
0.03131655220055469;
-0.1629647913718911;
-0.006428408929989885;
0.3226219323496907;
-0.10459464313377241;
-0.20154298973903526;
-0.22093265906008783;
-0.16295499682300116;
-0.1627656100067081;
-0.1431826360498065;
-0.1819658925114676;
0.3226219323496907;
0.3226219323496907;
-0.24012902374529138;
-0.18157732432999157;
-0.2789064034776185;
-0.2982999906182271;
-0.1821513615082047;
-0.2013516440129642;
-0.27911146157213546;
-0.2209385357894218;
-0.27929497165909456;
-0.2017343354651063;
-0.20154690755859123;
-0.20096503474126615;
-0.10458876640443845;
-0.08540023735834684;
-0.1047801121305095;
-0.04622841271520969;
0.3226219323496907;
-0.04622645380543171;
-0.10458680749466047;
-0.10458876640443845;
-0.0466091452575738;
-0.046607186347795815;
-0.06561220530692831;
-0.04641584062172477;
0.011934718518614072;
0.06990454511658879;
0.06972103502962967;
0.030943655297302523;
-0.007827847705690668;
0.031129124294039613;
0.08949143689304637;
0.1088850240336549;
0.08949339580282434;
0.3226219323496907;
0.03131459329077671;
0.08930009116697532;
0.08949535471260232;
0.3226219323496907;
-4.366628470835774;
0.03094757311685849;
0.05052858816398211;
0.050721892799831136;
0.3226219323496907;
0.3226219323496907;
0.031129124294039613;
-0.007833724435024622;
0.011751208431654964;
0.3226219323496907;
10.521587995223344;
0.011940595247948025;
0.06972887066874162;
0.05033136570857711;
0.03094757311685849;
0.3226219323496907;
0.030945614207080505;
0.030943655297302523;
0.05052858816398211;
0.3226219323496907;
15.485343341412802;
0.12808138871885846;
0.08948947798326838;
0.10926575657601902;
0.3226219323496907;
0.3226219323496907;
0.1280872654481924;
0.10869563721736183;
0.1278920019025654;
0.01155594488602795;
0.0894875190734904;
0.06991629857525669;
0.031140877752707522;
0.05052858816398211;
0.3226219323496907;
0.06992021639481266;
0.011749249521876979;
0.03094757311685849;
0.3226219323496907;
30.37660937998118;
0.14766828049531602;
0.12808530653841443;
0.1668607273609636;
0.08929813225719734;
0.0894992725321583;
0.12808334762863643;
0.18606688659505707;
0.3226219323496907;
-14.294139163214691;
0.0699143396654787;
0.10869171939780586;
0.10887914730432095;
0.10850820931084676;
0.08969061825822935;
0.12846799799055653;
0.147473016949689;
0.3226219323496907;
10.521587995223344;
0.12808530653841443;
0.10908224648905991;
0.08949339580282434;
0.1284699569003345;
0.3226219323496907;
0.12809314217752638;
0.1278939608123434;
0.10850820931084676;
0.3226219323496907;
5.557832649033884;
0.14746909913013304;
0.2054487202769977;
0.20583728845847374;
0.12809705999708235;
0.10889481858254482;
0.06974258303718751;
0.05034899589657897;
-0.027022253481116226;
0.05053446489331606;
0.08930205007675329;
0.10905482175216813;
0.08947576561482248;
0.10849449694240088;
0.1670579498163686;
0.2056459427324027;
0.3226219323496907;
-4.366628470835774;
0.12789591972212136;
0.283204620016613;
0.3607828863986031;
0.3226219323496907;
0.3226219323496907;
0.0697308295785196;
0.14767023940509402;
0.2446381751081367;
0.3226219323496907;
0.5964159135361368;
35.343414298679896;
0.22485406087627416;
0.3221870578434571;
0.3219917942978301;
0.3223588144717483;
0.011806057905438533;
-0.08610489405951353;
0.012169160259800794;
-0.10360265412741344;
-0.4328384644038311;
-0.3174082043634213;
-0.2789978448050124;
-0.20316127905544154;
0.14603431990068585;
0.3965849265440248;
0.3226219323496907;
-39.11779918881589;
1.2954442822508758;
1.8782312389820262;
1.4364448835025287;
0.3226219323496907;
0.3226219323496907;
2.4846920824195395;
3.750518055257618;
1.831377971569793;
0.3226219323496907;
-24.242721774688917;
-13.564461100931616;
-10.376638570883092;
-6.6287292394235955;
-4.433365282162231;
-3.1460925548964247;
-3.077102405145277;
-3.1801043601077867;
0.3226219323496907;
0.6116452091287146;
-2.285347670609066;
-1.7337133826114448;
-1.4791856528259517;
-1.107538852931635;
-1.5500315584194513;
-1.801853023303058;
-2.4787673790954807;
0.3226219323496907;
15.513829895798061;
-2.4106741248063677;
-2.595441338241892;
-2.9296129592005973;
0.3226219323496907;
20.465347107583067;
-5.4914645899593015;
-7.018354058348129;
-8.704072847582072;
0.3226219323496907;
-4.376454855682974;
-8.636984590622326;
-7.683165742677786;
-6.567296666533543;
0.3226219323496907;
0.3226219323496907;
2.1282065535828085;
-3.6041191627424545;
-2.9876749473205786;
0.3226219323496907;
-24.221051905997285;
-4.019633548558779;
-5.408869227946066;
-7.036639111157418;
-3.0092072663463663;
-1.167025387289364;
-3.534162851641607;
-3.031449225767857;
0.3226219323496907;
10.52164779076274;
-3.2600776137263265;
-3.026651870247635;
-1.7536484256586538;
-1.3467873351655744;
-1.1159875412878721;
-0.9791372475111919;
-1.9423082635132536;
0.3226219323496907;
-19.258472536816758;
-1.7257925305558033;
-1.321118517260181;
-1.1492511553401425;
0.3420116016707433;
0.3226219323496907;
-1.1138141764588614;
-1.502163969870124;
-1.7139724571571393;
-0.7465879173619586;
-0.12155754421901885;
-1.107578123889636;
-1.5928449213497138;
0.3226219323496907;
0.3226219323496907;
-1.460330935249994;
-1.284632740988979;
-1.5599581220202514;
0.3226219323496907;
35.343402339572016;
-2.137784067844626;
-3.4877780292689384;
-3.720479526948683;
0.3226219323496907;
-19.255482759846895;
-4.4571445881670595;
-3.654101175987269;
-2.487207165937625;
0.3226219323496907;
-29.201749294626907;
-0.8258469853330664;
2.0747612628406653;
3.532329183509978;
3.264864648525842;
9.576607991676527;
9.32370718365443;
4.844590013875678;
0.3226219323496907;
4.064828111312837;
7.521735520798599;
7.135527311217091;
5.644619740843713;
4.4436135665920435;
3.1349750276315786;
2.5018278186927576;
1.1075594490092657;
0.3226219323496907;
35.34936593837181;
-5.58963634252735;
-8.153910119656869;
-11.555146168532355;
0.38079094031284844;
0.3226219323496907;
-17.21804634207968;
-15.889440806232571;
-16.248746120511388;
0.3226219323496907;
-19.27180293447498;
-10.74056467319949;
-9.926182624834432;
-7.828974121430722;
0.3226219323496907;
5.565259243431711;
-4.978111296861479;
-0.8068673394386062;
0.5722426111318736;
0.3226219323496907;
35.32721154718903;
10.495385636240709;
-1.6916776071716428;
-4.006006064630042;
-4.447492002868073;
0.3226219323496907;
-4.3587427662693665;
-5.172824131790332;
-4.809206016751887;
0.3226219323496907;
20.43218056337786;
-3.8771876660188753;
-0.6715574297147211;
4.8368216018821295;
8.97622346670572;
8.099340817327978;
3.7552662651932063;
5.498014889547971;
0.3226219323496907;
35.33003606459015;
4.479563574696617;
2.9135944431866574;
9.052966014956302;
8.328989604826935;
3.1792981268834035;
0.22077899224522052;
1.3593362974107885;
0.3226219323496907;
-9.322514741433519;
-0.06180069646110567;
-0.2686126468627161;
0.6260046944391429;
1.6687242424674669;
-1.7864523233452692;
-9.42868162374018;
-13.843359896850593;
0.3226219323496907;
-19.309274745921485;
-29.06204839797189;
-27.252212224167298;
-24.51158411422806;
-19.907688779851302;
-12.582865764001145;
-8.228371723196137;
-3.5319079166473557;
0.3226219323496907;
-24.256913222316808;
1.780444764208068;
-3.358983483255476;
-5.720308019550539;
-4.5792014278679485;
0.3226219323496907;
-5.546690682916159;
-5.629667766733477;
-4.81845160340904;
-4.782666393179266;
-2.367451016736837;
1.908560557790287;
5.427684350066266;
6.440420224292873;
3.1842730229988097;
3.246860612849603;
7.680986429539611;
0.3226219323496907;
-29.192736123317857;
3.7705147175427416;
3.0698189078463507;
7.475328430223761;
8.452418711484558;
5.299132612638352;
2.567438373248122;
-0.9656261395317107;
0.3226219323496907;
-34.137608072951586;
0.2048131566233115;
1.0731700126535617;
0.3283495648759159;
0.4878049204284496;
0.14866810514078693;
-4.773075772798561;
-12.835849655726495;
0.3226219323496907;
10.47450506287147;
-33.183012684090606;
-30.34878412182038;
-27.223829728014536;
-24.496363086615414;
-23.254731672892262;
-10.578978670854335;
-5.1172660099684535;
0.3226219323496907;
10.500388521973406;
-0.15079808370496536;
-2.678719197665743;
-4.331429565788281;
-3.807377633034507;
0.3226219323496907;
-4.415547515755084;
-4.566176660718659;
-3.9071086547076965;
0.3226219323496907;
-34.19317596211829;
-29.223080318063516;
2.0904747770799377;
3.924903377287408;
0.3226219323496907;
-29.19881931319644;
3.544567301499229;
5.018783631814329;
6.40902564000859;
0.3226219323496907;
5.546292133120835;
2.9731217401354795;
2.931472654045118;
8.663719309933827;
9.787317908556817;
0.3226219323496907;
6.659496462556283;
1.2949628450374788;
0.17032961598500077;
0.3226219323496907;
5.577848182199062;
2.9263431930466135;
1.1688785779723794;
0.9655321330449799;
1.424601130346345;
-3.3182210596354498;
-13.23331654802192;
-24.849881370178018;
0.3226219323496907;
15.44086350434425;
-33.34702471832778;
-29.65064212774356;
-30.325582489061517;
-27.708445901825698;
1.5699515788032203;
-7.156612253971795;
-2.4363125859525523;
0.3226219323496907;
25.407324953109985;
-3.673696169005464;
-6.663969434292282;
-5.8305835256055145;
0.3226219323496907;
10.50710553877195;
-5.933970223692386;
-3.0166664558112735;
0.8493526032857984;
0.3226219323496907;
10.489326364577881;
7.185240406467893;
4.1567324560705154;
3.8870148683886416;
7.2868655492219405;
8.984651938532004;
3.582749989080582;
6.230966918614675;
0.3226219323496907;
-9.340114529009396;
9.395591653646148;
3.265884686236785;
1.156060011405851;
0.3980985933698423;
1.0626354028984086;
1.9176156882916875;
1.6322195045306567;
0.3226219323496907;
-39.10685662249915;
-2.2055236524987203;
-9.592389319451847;
-13.462959804471911;
-23.203017955237982;
-30.878408664160816;
-35.02694526152104;
-28.235956228073665;
0.3226219323496907;
-34.13502889588403;
-12.135600979830858;
-2.0516372577803956;
-7.882864410759179;
1.4235949743795528;
0.7033541336711338;
-1.4892659810374953;
-5.699629861801217;
0.3226219323496907;
20.44918240135742;
-5.353403287259852;
-4.956564654184251;
-5.054445422230178;
-3.255584151359838;
0.5674342096628977;
2.7686776213006308;
4.564674313942134;
0.3226219323496907;
0.6280092241562686;
4.118724377062028;
5.772813247235702;
8.405151960882645;
8.128046594058189;
3.244734089015079;
5.01550074339228;
8.537295713034325;
0.3226219323496907;
15.476860361084842;
1.8999480377428333;
0.07337556549058802;
-0.23856246635546827;
1.383823566653346;
0.3226219323496907;
2.4467190874823928;
0.850332928131452;
0.6410175464100686;
0.3226219323496907;
25.41587968808522;
-9.783514399692377;
-13.73153253157148;
-23.274036872324114;
-29.607905267741778;
-31.48976534327718;
-27.4411970359065;
-27.434876046171386;
0.3226219323496907;
5.577585081825714;
-5.280535883002392;
-6.245104302257113;
1.437948301187469;
-1.9987175788264442;
-5.077856549423665;
-5.1463666896659435;
-5.714034574855348;
0.3226219323496907;
0.3226219323496907;
-5.948230777695302;
-3.9431283032141793;
0.663872270077824;
4.43101082924594;
6.926472355584561;
3.3634219444906086;
4.86883848857916;
0.3226219323496907;
35.33241193682377;
9.45083011134467;
4.816089846058889;
5.68560590247206;
11.961936839533783;
9.594427809755892;
2.7237479640630653;
-1.3029986403044154;
0.3226219323496907;
-4.359923413145109;
-0.41592400485778325;
0.011542763722833076;
0.7681480245231392;
1.5565272706724853;
0.8815084763501457;
1.7095236197706494;
-2.137104342300843;
0.3226219323496907;
10.493129355085891;
-20.55841112867212;
-28.702247213916618;
-30.931104685184184;
-29.867148959186917;
-28.173377085144978;
-36.52444563934752;
5.580465062397845;
0.3226219323496907;
-9.375485527703514;
-2.5386479003075535;
-2.072196203785064;
-3.834471355542715;
-4.7539063016449985;
-4.685269021256513;
-5.928849744285716;
-5.194507456244729;
0.3226219323496907;
-34.185528137057375;
-1.959185862138587;
2.139230625179833;
3.931804642759615;
2.782608905620661;
3.239869599357155;
7.392125102133915;
9.055269279113652;
0.3226219323496907;
30.365702690988087;
2.1866744744696427;
7.908360962013641;
10.431011746312086;
6.3759921880484045;
2.338573584638688;
0.16165352125433308;
0.6230914125329614;
0.3226219323496907;
0.33110491267765124;
2.917716602265646;
2.6335311779739374;
1.9791519906375319;
1.4937190476758713;
-3.4483124609215445;
-12.288104605533643;
-17.945055885976757;
0.3226219323496907;
8.75712808700756;
-34.14221129504243;
-26.256823961851943;
-29.710479652631918;
-32.800233166841984;
6.651328103436837;
-5.179032928998371;
-0.5861783232940987;
0.3226219323496907;
-2.0551539385585706;
-1.4612276451871455;
-3.903779552723331;
-4.206058684098258;
-5.342829233706513;
-5.183296414797656;
-3.1973217431595087;
-2.06562768390801;
0.3226219323496907;
-4.098222672850296;
4.863958955075184;
5.126377180157109;
3.079016683860956;
5.269430225036789;
7.282356857484517;
5.389486788014565;
3.0820484700018764;
9.416344422807219;
10.550981413214194;
6.303722629251955;
2.0154627965063217;
0.7975148307341526;
1.1541287511169545;
1.698771398189956;
1.939807609093748;
0.3226219323496907;
-0.3560164938871493;
1.3286469972598447;
-0.9286972112078747;
-6.690453139051661;
-13.399398937826918;
-23.570749174614793;
-30.413061773139454;
-28.87020299321645;
0.3226219323496907;
0.3226219323496907;
-29.272755546449822;
-26.323805637411315;
3.435730070199625;
-5.832831405619353;
-2.231588874224702;
-1.8570380523033638;
-3.0532815039786447;
0.3226219323496907;
0.6267973698237028;
-4.73135413043315;
-4.80487193358733;
-4.818743119136415;
-2.8130489772890774;
-1.3648253890381734;
4.017455928727758;
6.411982818202244;
0.3226219323496907;
0.6158906808306107;
4.431513811002416;
7.087875001069282;
9.220697489279727;
0.3226219323496907;
0.3226219323496907;
2.7789973749478976;
6.758227819739487;
9.07671388564224;
0.3226219323496907;
0.3250456410148223;
3.4178196842140056;
0.3697078392843385;
-0.17437358994409866;
2.0011609325578843;
2.7524378966748704;
1.416659168725955;
0.2593880947260029;
-4.846111152942105;
-11.221877758207828;
-20.42386303317781;
-29.273239563076217;
-35.44148501945191;
-34.78971913522303;
-28.356683880683757;
-21.745755708036256;
0.3226219323496907;
0.6049839918375187;
-8.332230329550141;
0.21641606010372358;
3.0579148703943377;
0.16952283383723235;
-2.063859797253864;
-4.8516960668063405;
-4.458403881938022;
0.3226219323496907;
0.3371641843404802;
-3.8256995559847295;
-2.495453020711749;
1.5577505873373096;
0.3226219323496907;
0.3226219323496907;
5.8809185094733465;
4.101080953625122;
4.080163808882886;
0.3226219323496907;
0.3226219323496907;
9.959148678623245;
5.921730075213526;
1.427561237097836;
0.3226219323496907;
0.3226219323496907;
6.923220447889414;
7.405611009888907;
4.603439216556701;
0.3226219323496907;
0.3371641843404802;
0.5419072266049166;
2.8673169990222314;
3.005942029294932;
2.0294492921296814;
0.7735841574711685;
-1.6002286864458195;
-9.661738653737801;
-19.711503862864998;
-32.437457834135586;
-35.80126144172551;
-33.23928158879644;
-30.23128822083957;
-25.735534756703245;
-17.939455649979145;
-4.375091635559307;
0.3226219323496907;
0.3226219323496907;
0.6580771415843503;
-2.9329470414150207;
-2.626572282663201;
-4.939073209288495;
-4.6364720360512806;
-4.9029879436467985;
-4.686600071030168;
0.3226219323496907;
0.6280092241562686;
1.8612137574901007;
5.3310420318291785;
6.769218855472911;
4.602344128991201;
4.764740456789434;
6.841969582415653;
8.929632613125994;
0.3226219323496907;
0.5910197672593374;
2.485564043259712;
7.746411969690225;
8.998312362097424;
6.501374384754287;
1.007154936886694;
-1.14220831715867;
-0.7763401742072477;
0.3226219323496907;
30.39609472216527;
2.1899474721158816;
1.8565275216930146;
1.3752121159453519;
0.3226219323496907;
0.3226219323496907;
-1.6248155944844285;
-10.310942793945557;
-23.623787184963298;
0.3226219323496907;
35.29581313445481;
-34.99317375863102;
-34.627995666977526;
-37.473620554166686;
-16.50029465335451;
-8.70976932307673;
1.3754668542942325;
-3.2013906533094247;
0.3226219323496907;
-24.230192631460962;
-3.992428180877925;
-4.46035588996212;
-4.895146686697442;
-4.900176790651698;
-3.8202529244423755;
-0.8145416471495461;
2.945979499474809;
5.746257955849335;
4.487573470727065;
3.5941179161500774;
5.853355727178101;
7.814944285372232;
7.12111733271662;
2.1420750761766802;
6.747943057401119;
0.3226219323496907;
-29.20115930810642;
8.919367250896045;
5.592929485123711;
1.9013347372626275;
-0.3053106894353755;
0.2333815440664405;
2.06992358317216;
2.1124414197930514;
0.3226219323496907;
20.453946104932527;
1.062598718282357;
-3.688328554036651;
-11.58693894270682;
-19.71783350466076;
-31.987998953550264;
-33.426339074215484;
-28.99565417405819;
-27.33680579508225;
-24.2037168390656;
-9.61987140846747;
-9.188868629809813;
3.1323358841826954;
-2.5222822777152305;
-3.079379495965601;
-4.831601740784121;
0.3226219323496907;
-19.265719744596392;
-5.262585839527974;
-4.804989733776634;
-3.9140672597687156;
-1.6488029032907903;
2.57477807614553;
4.56454671920394;
5.010739275680233;
0.3226219323496907;
30.362692991834514;
5.785669737133447;
8.170740105126928;
8.651427251654765;
3.9142662767916283;
4.162367046724635;
8.571381518374443;
7.473180531221864;
0.3226219323496907;
-9.338256888648994;
2.669103760072709;
0.6958919124925093;
0.155455846608312;
1.886765757538949;
2.4958856792034934;
1.2384094634355143;
0.3239783586524974;
0.3226219323496907;
-9.337774534099422;
-8.649120845303125;
-20.028322244636566;
-32.159434916876336;
-33.043275374507225;
-34.83133098587843;
-33.038938708465196;
-28.532446606591346;
0.3226219323496907;
0.3226219323496907;
-7.973416621547851;
0.5732570250314096;
-3.309010998956925;
-2.7571918693947386;
-4.7325681802898565;
-4.83138359775333;
-5.0103150802597725;
-5.02892680026082;
0.3226219323496907;
-4.761097482299867;
-2.271615484111997;
2.200001182791847;
5.6160016569970415;
0.3226219323496907;
5.339956124291042;
2.5368380243095423;
3.8353561603636277;
0.3226219323496907;
35.328764414718194;
8.53970699898127;
4.469301426240787;
5.917626688810785;
9.653536089001587;
8.200793576021562;
4.820712231176699;
2.07366225399113;
0.3226219323496907;
2.0483025019233696;
1.2224499429857487;
2.6000829879597265;
2.107947333458871;
1.1302732204709687;
-2.788941454791646;
-6.0035484686705605;
-12.448888427982364;
0.3226219323496907;
0.3226219323496907;
-30.557390032521766;
-35.30564870113196;
-31.584319141088706;
-36.86907655460419;
-13.990565896011281;
6.017038258428115;
-4.400534833159863;
0.3226219323496907;
-1.2673309519766198;
-4.851589658246158;
-2.4011058653902757;
-4.524871980919676;
-4.970757792297662;
0.3226219323496907;
-4.860270925660724;
-4.120064588918966;
-4.143508310068766;
-0.16173710922448153;
0.3226219323496907;
4.088109422720206;
7.3892932014036115;
5.820399472971612;
5.108554241066063;
7.857483042568511;
9.358303371411802;
3.8795043053622185;
0.3226219323496907;
0.5359082948812689;
9.222037347805033;
8.134900218263553;
5.12385370168309;
2.233956003314985;
0.6933014888701494;
1.0156340747645825;
1.8577176261895754;
2.3499039467420335;
2.3884544547696605;
1.3187962964706557;
-4.9401379435592645;
-12.554258838479326;
-17.160777974557934;
-28.28913048175653;
-32.729978067878264;
0.3226219323496907;
0.3589775623266643;
-27.630471155009857;
-32.423679485320065;
-2.3849329966148938;
-6.723367266891094;
-3.1779270739947414;
-2.7278374440745647;
-3.5699508175890373;
0.3226219323496907;
0.6304329328214002;
-4.453344925542345;
-4.825542255697539;
-4.793731944097515;
-3.240788472771643;
-2.2648034354547804;
1.2737078016298473;
5.056757878151339;
0.3226219323496907;
-4.384878040471538;
3.402825624532983;
6.550542042350369;
7.556212198910339;
5.117047891584753;
5.167532620983418;
6.393768551747589;
9.000574316309255;
0.3226219323496907;
0.32625749534738807;
4.444737224847158;
0.9930896464294053;
0.11179883714508733;
0.6061391990314019;
2.492185731988095;
2.6923319245336663;
1.6265907906058703;
0.3226219323496907;
15.488345077490541;
-8.804711174013658;
-16.28050977664181;
-25.524509371806477;
-30.569998368309875;
-35.55211141981059;
-32.75344358995355;
-30.37187461524245;
-16.817845747460783;
0.3226219323496907;
0.07505602486381656;
-1.1471007627587375;
-0.05252269790804449;
-2.2365937779544707;
-2.846074577460973;
-5.424484966072145;
-4.587902722823103;
-4.626934398997024;
-4.872393640813259;
-3.619044222138437;
0.29442456644225745;
2.4190514240228924;
5.463917426976107;
6.285048838885485;
5.031561765320955;
0.3226219323496907;
0.3226219323496907;
9.119080447767416;
6.1891045003478755;
2.317330918657417;
1.7372641120367829;
7.052426707172141;
7.012102717512839;
4.354197314871584;
1.492465723396685;
-0.2674460492834909;
1.739728019480628;
2.9404135599608807;
3.271718647245451;
1.6792055232158052;
-1.1724664843182735;
-8.286114159568857;
-16.18545529819948;
-28.2452938800259;
-35.07664661599789;
-34.68958415237746;
-34.32010545186582;
-33.72508322909;
1.9966041807244648;
-10.682215083707211;
0.3226219323496907;
0.3226219323496907;
-2.8421777696197164;
-2.393404222240406;
-3.316688962349274;
-4.317513418076745;
-5.364815468981885;
-5.076138182868398;
-4.164379506851312;
-1.9742888239592995;
0.3226219323496907;
2.7720739375004406;
3.6710961483214897;
5.936917708597502;
3.2513810580456943;
4.807031952910876;
7.689844875719815;
7.8415927113931465;
0.3226219323496907;
0.3226219323496907;
7.29747360828694;
9.438976281887792;
9.744004412350174;
6.047565295134197;
0.5909189716911143;
-1.040545154846486;
0.6920384662689935;
0.3226219323496907;
0.3226219323496907;
2.97405505461094;
2.289902862694044;
0.7009025235759063;
-5.8606531062211795;
-13.798076134999679;
-26.26107194228423;
-36.13575074828414;
0.3226219323496907;
20.434903249739975;
-31.882801445634314;
-31.12058181070984;
-23.33330611170279;
0.28521702817711786;
-6.026163055928199;
0.9031958949287618;
-3.0141270439208836;
0.3226219323496907;
0.3226219323496907;
-4.035104327361288;
-4.607470025501782;
-5.901478403943463;
-5.448769136129963;
-3.9847965238103336;
-1.827046731851897;
2.6224572636758023;
5.098589846896488;
4.821605305046098;
2.768381025651799;
3.720382402914752;
6.853009933109416;
7.804791474034425;
4.0943345186386395;
4.797845210160325;
0.3226219323496907;
0.3226219323496907;
9.407349214772102;
6.560179221973757;
1.6331398141475857;
-0.3295656486867081;
0.8106144910469933;
2.381425860161884;
1.1914456201900951;
1.0059208594893985;
0.3732562464013965;
-5.907211644131918;
-12.907651396915552;
-22.41877486575235;
-33.48956222425549;
-33.79576460241132;
-32.70768025703657;
0.3226219323496907;
0.3226219323496907;
-30.765739127832653;
1.0656614281505732;
-5.2054984723644955;
-3.0789171166447327;
-4.816344652523118;
-3.3613840816187333;
-5.632067110232392;
0.3226219323496907;
0.3226219323496907;
-5.830589667937473;
-4.65033004043717;
-1.980401465212512;
1.917028742481863;
4.612256621858489;
2.840393528824524;
1.4474609270066;
2.3370699779643855;
5.720052851256761;
8.363606524170331;
5.43275914711587;
5.412890799763553;
9.50014672269714;
7.557868145955336;
4.400316525786802;
0.3226219323496907;
-39.124424528783436;
0.14651432940955575;
-1.001202012017867;
1.24040154268997;
2.630996858689704;
1.1061671383627627;
1.3952310337479472;
-0.4457651132240377;
0.3226219323496907;
0.3226219323496907;
-15.411864522431387;
-29.480118382012904;
-33.80532254875797;
-32.187958425699236;
-27.273621099578715;
-22.389611507870924;
-19.357017362815995;
0.3226219323496907;
0.3226219323496907;
-5.740991957802275;
-4.981161606225197;
-2.53529584222476;
-4.878874102512745;
-5.281082796809173;
-5.300717595455099;
-5.196572815433326;
0.3226219323496907;
35.30948237736805;
-3.067160086724032;
1.600520761490015;
4.557500228805536;
3.4324179709710907;
0.34770059067113873;
5.32701673275045;
7.537271196541709;
0.3226219323496907;
10.514906855748437;
5.737826455773811;
9.298845247588202;
9.593091414458152;
6.024568109186857;
3.4276291551354157;
1.7147276121031592;
-0.5628792958652447;
0.3226219323496907;
0.3226219323496907;
1.847744141516545;
3.063998313525763;
2.3898637681719936;
0.38692646451570395;
-4.473069645048698;
-7.4240880112093475;
-15.864134117568998;
0.3226219323496907;
0.3226219323496907;
-36.57711337143308;
-32.82477494334244;
-33.27114825418804;
-25.963514118093027;
2.918700602406366;
-9.069679124055414;
-3.1545564599388984;
-1.8887122294806467;
-2.8695334386837454;
-3.9904758110242806;
-4.504771778168123;
-5.079294808029859;
-5.0315351323585045;
-4.410771439175315;
-3.5064547643424238;
0.3226219323496907;
5.526842668260384;
3.479915780164366;
3.408894465725645;
1.3688649401885111;
6.053159737944696;
7.601113707751921;
9.394337266956462;
6.04944082906369;
0.3226219323496907;
0.981870689265478;
8.039329576901551;
6.999735138638056;
4.277991504435691;
-0.6350740542605856;
-1.1540724562205105;
-0.6776625844736686;
1.9593892515730431;
0.5940773028444266;
0.3226219323496907;
1.1810998660459842;
-0.29778738368856655;
-5.955306197148388;
-13.772935860904795;
-20.29683209763387;
-31.173179002429734;
-34.598175037279375;
-33.5039061984218;
-31.780529081994835;
-24.421047305650504;
4.982269553920616;
-5.230459154191976;
-5.7079320703669145;
-2.6340325414675676;
-2.779416729833479;
0.5165186255602163;
0.3226219323496907;
-4.293584076291367;
-4.890148190902258;
-5.093272840581935;
-4.455224281064475;
-3.190864333785371;
1.1593282978891362;
4.5665552700089735;
4.6465181909444135;
0.3226219323496907;
2.2361520782534545;
6.793688932970276;
10.056224354364078;
9.52379061447384;
4.3121942169303145;
5.711358326065737;
9.825577432062321;
8.330555361944404;
0.3226219323496907;
4.044040334693691;
0.6785678679626787;
0.8585954272963393;
0.3226219323496907;
15.504780847165371;
3.131179266677243;
1.3200830915917732;
-1.5480966459136243;
-8.402729262123966;
0.3226219323496907;
-17.643767053765515;
-26.488295296489465;
-33.4698461406606;
-34.62819815487928;
-29.587780745115836;
-24.93105183105292;
-19.050504225515375;
0.3226219323496907;
-4.362382999133878;
-5.864252710595091;
-4.512622640677008;
-3.6919214652596946;
-4.001910341026227;
-5.7419857363427065;
-6.367702697556001;
-7.811405040338459;
-7.068033176921148;
-2.6779385179974797;
4.3560213732569;
9.041118334760341;
9.664133934688545;
1.1182999171312917;
-4.412720064049588;
-0.1189047973133094;
0.3226219323496907;
0.3226219323496907;
9.879650732570843;
9.636914851174765;
7.996389979544578;
0.3226219323496907;
30.40745984749217;
3.15696847111389;
2.833505441051033;
1.8220485263064314;
0.3226219323496907;
-24.203531836144517;
-1.4484293879130101;
-3.7448716098844743;
-5.156061743547876;
-9.42783459405739;
-12.169007968811167;
-12.702681224385223;
-10.33296828749423;
-6.637503971003899;
0.3226219323496907;
-19.128762213976668;
-27.11789746877636;
-2.789923383646489;
-0.9970011347182131;
-0.24569567998935368;
-2.671096445576723;
-3.227233987025243;
-3.7312014683834307;
-3.1103846190336104;
-1.9829508318072766;
-2.2538830967780275;
-2.444897850638819;
-2.368764785467338;
-1.7118317663621827;
-2.0832833027108726;
-1.2702350633016042;
-1.0949078070340632;
-1.6570266661674065;
-1.6741045154973826;
-1.6336148187793058;
-1.653067173213254;
-0.7995468672739109;
-1.110736346131329;
0.3226219323496907;
0.3226219323496907;
-1.032367231017941;
-1.2469988903613507;
-1.0329510627450442;
-0.6648947767211838;
-1.2483304748047361;
-0.6084302501046636;
-0.6856081948465098;
0.3226219323496907;
-2.4307111112397743;
-0.8405557516964172;
-1.0344504859971648;
-0.9373421362222787;
-0.45161233200916145;
-1.188818128939525;
-0.937500180482124;
-0.839969961059536;
-0.9564085088167001;
0.3226219323496907;
-0.3943706690296892;
-1.0543926444888727;
-0.8804714112362806;
-0.4337181681206735;
-0.9169291353384195;
-1.2832711454667525;
-0.8563235645905656;
0.3226219323496907;
35.3445424392573;
-0.41172801502574563;
-0.645143963955547;
-1.0536253026748106;
0.3226219323496907;
-9.330479489888269;
-0.7994685108827915;
-1.576072738558367;
-0.35521647457455385;
0.3226219323496907;
-19.25677832793462;
0.19026536654212367;
0.8874085856992749;
-0.059209645406574356;
0.3226219323496907;
35.344590275688816;
-0.1425400370293639;
-0.17729852908202753;
-2.0991125458535738;
0.3226219323496907;
0.6061958461700845;
-3.5172660026699045;
-2.258720961971416;
-1.9631830162858097;
-1.431053345853971;
-1.8602637739767844;
-2.3290502662024357;
-2.5010933025703204;
0.3226219323496907;
-39.11175187626093;
-1.2872371425824103;
-1.3682850978607928;
-1.572970697268064;
0.3226219323496907;
0.3226219323496907;
-0.7230317380824586;
-0.6716414773102916;
-0.676212226728439;
0.3226219323496907;
0.3226219323496907;
-0.7483662098479882;
-0.8459042649096881;
-0.6505061895372637;
0.3226219323496907;
-9.330395776133113;
-1.7680663964892436;
-1.2038682001962324;
-1.4575058042838218;
-0.7012910705747698;
0.3226219323496907;
-0.6070960027060651;
-0.41638362499651776;
-0.41747293205960456;
-0.13126132677485886;
-0.05068225497884943;
-0.8427650043336032;
-1.0733558222972326;
-1.0205542892129542;
0.1375093268255485;
0.027828967513534617;
0.29011800077703354;
0.3226219323496907;
-24.24117107510133;
1.889912591615999;
3.6239063264061677;
4.077770703942851;
0.3083856890009451;
1.1769196437190907;
0.044822769247940264;
-0.8834835955947231;
0.3226219323496907;
0.32899613105177994;
0.9432778088818274;
1.0285617128465065;
-0.8101878855892467;
-4.7562779548043945;
-4.203757724531052;
-2.271322012939324;
-2.7602720204615947;
0.3226219323496907;
-19.259493045423252;
-3.336597211556242;
-2.5591962584199344;
-3.159467528453164;
-3.3605204110096603;
-3.7522856712757036;
-4.714962337968278;
-4.603599045317185;
-13.645654264987016;
-1.2558873441559173;
11.566979962797378;
9.901101734349316;
3.5655013562348548;
-4.307094195009131;
-4.29128863162395;
0.1028134271233389;
0.3226219323496907;
-34.15886734174093;
-3.7024083571347415;
-3.4522854968684378;
-2.8129710628052464;
-2.66401336332471;
-2.336419349282034;
-1.617648451952146;
-0.6089755310683784;
0.3226219323496907;
-19.259142241060353;
-0.08282067415985793;
0.12835304974582687;
0.1883708709470216;
0.3226219323496907;
35.34219048523945;
0.06666146232227085;
-0.26144782160527835;
-0.18295200478849263;
0.3226219323496907;
-24.221649855593608;
-1.6939715313720922;
